1000 -7.54258 
2000 -1.08509 
3000 0.368697 
4000 0.746494 
5000 0.769722 
6000 0.654309 
7000 0.481368 
8000 0.285596 
9000 0.0830448 
10000 -0.118538 
11000 -0.315382 
12000 -0.505726 
13000 -0.688849 
14000 -0.864587 
15000 -1.03307 
16000 -1.19458 
17000 -1.34946 
18000 -1.4981 
19000 -1.64087 
20000 -1.77814 
21000 -1.91027 
22000 -2.03757 
23000 -2.16037 
24000 -2.27892 
25000 -2.39351 
26000 -2.50436 
27000 -2.61171 
28000 -2.71575 
29000 -2.81667 
30000 -2.91464 
31000 -3.00984 
32000 -3.10239 
33000 -3.19245 
34000 -3.28014 
35000 -3.36558 
36000 -3.44888 
37000 -3.53013 
38000 -3.60944 
39000 -3.6869 
40000 -3.76258 
41000 -3.83657 
42000 -3.90893 
43000 -3.97975 
44000 -4.04907 
45000 -4.11697 
46000 -4.18349 
47000 -4.2487 
48000 -4.31264 
49000 -4.37536 
50000 -4.43691 
51000 -4.49732 
52000 -4.55665 
53000 -4.61492 
54000 -4.67217 
55000 -4.72845 
56000 -4.78377 
57000 -4.83818 
58000 -4.89169 
59000 -4.94435 
60000 -4.99618 
61000 -5.0472 
62000 -5.09743 
63000 -5.14691 
64000 -5.19565 
65000 -5.24368 
66000 -5.29101 
67000 -5.33766 
68000 -5.38366 
69000 -5.42903 
70000 -5.47377 
71000 -5.51791 
72000 -5.56146 
73000 -5.60444 
74000 -5.64686 
75000 -5.68874 
76000 -5.73009 
77000 -5.77092 
78000 -5.81125 
79000 -5.85108 
80000 -5.89044 
81000 -5.92933 
82000 -5.96776 
83000 -6.00574 
84000 -6.04329 
85000 -6.08041 
86000 -6.11711 
87000 -6.15341 
88000 -6.1893 
89000 -6.22481 
90000 -6.25993 
91000 -6.29469 
92000 -6.32907 
93000 -6.3631 
94000 -6.39677 
95000 -6.4301 
96000 -6.4631 
97000 -6.49576 
98000 -6.5281 
99000 -6.56013 
100000 -6.59184 
101000 -6.62325 
102000 -6.65435 
103000 -6.68517 
104000 -6.71569 
105000 -6.74594 
106000 -6.7759 
107000 -6.80559 
108000 -6.83502 
109000 -6.86418 
110000 -6.89308 
111000 -6.92173 
112000 -6.95013 
113000 -6.97829 
114000 -7.0062 
115000 -7.03388 
116000 -7.06133 
117000 -7.08854 
118000 -7.11553 
119000 -7.1423 
120000 -7.16885 
121000 -7.19519 
122000 -7.22131 
123000 -7.24723 
124000 -7.27295 
125000 -7.29846 
126000 -7.32377 
127000 -7.34889 
128000 -7.37382 
129000 -7.39856 
130000 -7.42311 
131000 -7.44748 
132000 -7.47167 
133000 -7.49568 
134000 -7.51951 
135000 -7.54317 
136000 -7.56666 
137000 -7.58998 
138000 -7.61314 
139000 -7.63614 
140000 -7.65897 
141000 -7.68164 
142000 -7.70416 
143000 -7.72652 
144000 -7.74873 
145000 -7.77079 
146000 -7.79271 
147000 -7.81447 
148000 -7.83609 
149000 -7.85757 
150000 -7.87891 
151000 -7.90011 
152000 -7.92117 
153000 -7.9421 
154000 -7.96289 
155000 -7.98356 
156000 -8.00409 
157000 -8.02449 
158000 -8.04477 
159000 -8.06492 
160000 -8.08495 
161000 -8.10485 
162000 -8.12464 
163000 -8.1443 
164000 -8.16385 
165000 -8.18328 
166000 -8.2026 
167000 -8.2218 
168000 -8.24089 
169000 -8.25986 
170000 -8.27873 
171000 -8.29749 
172000 -8.31614 
173000 -8.33469 
174000 -8.35313 
175000 -8.37147 
176000 -8.3897 
177000 -8.40784 
178000 -8.42587 
179000 -8.4438 
180000 -8.46164 
181000 -8.47938 
182000 -8.49702 
183000 -8.51457 
184000 -8.53202 
185000 -8.54938 
186000 -8.56665 
187000 -8.58383 
188000 -8.60092 
189000 -8.61791 
190000 -8.63482 
191000 -8.65165 
192000 -8.66838 
193000 -8.68503 
194000 -8.7016 
195000 -8.71808 
196000 -8.73448 
197000 -8.7508 
198000 -8.76704 
199000 -8.78319 
200000 -8.79927 
201000 -8.81527 
202000 -8.83118 
203000 -8.84703 
204000 -8.86279 
205000 -8.87848 
206000 -8.89409 
207000 -8.90963 
208000 -8.9251 
209000 -8.94049 
210000 -8.95581 
211000 -8.97106 
212000 -8.98624 
213000 -9.00134 
214000 -9.01638 
215000 -9.03135 
216000 -9.04625 
217000 -9.06108 
218000 -9.07585 
219000 -9.09055 
220000 -9.10518 
221000 -9.11974 
222000 -9.13425 
223000 -9.14868 
224000 -9.16306 
225000 -9.17737 
226000 -9.19162 
227000 -9.2058 
228000 -9.21993 
229000 -9.23399 
230000 -9.248 
231000 -9.26194 
232000 -9.27582 
233000 -9.28965 
234000 -9.30342 
235000 -9.31712 
236000 -9.33078 
237000 -9.34437 
238000 -9.35791 
239000 -9.37139 
240000 -9.38482 
241000 -9.39819 
242000 -9.4115 
243000 -9.42477 
244000 -9.43798 
245000 -9.45113 
246000 -9.46423 
247000 -9.47728 
248000 -9.49028 
249000 -9.50323 
250000 -9.51612 
251000 -9.52897 
252000 -9.54176 
253000 -9.5545 
254000 -9.5672 
255000 -9.57984 
256000 -9.59244 
257000 -9.60499 
258000 -9.61749 
259000 -9.62994 
260000 -9.64234 
261000 -9.6547 
262000 -9.66701 
263000 -9.67927 
264000 -9.69149 
265000 -9.70366 
266000 -9.71579 
267000 -9.72787 
268000 -9.73991 
269000 -9.7519 
270000 -9.76385 
271000 -9.77576 
272000 -9.78762 
273000 -9.79944 
274000 -9.81122 
275000 -9.82295 
276000 -9.83464 
277000 -9.84629 
278000 -9.8579 
279000 -9.86947 
280000 -9.88099 
281000 -9.89248 
282000 -9.90392 
283000 -9.91533 
284000 -9.9267 
285000 -9.93802 
286000 -9.94931 
287000 -9.96056 
288000 -9.97177 
289000 -9.98294 
290000 -9.99407 
291000 -10.0052 
292000 -10.0162 
293000 -10.0272 
294000 -10.0382 
295000 -10.0492 
296000 -10.0601 
297000 -10.0709 
298000 -10.0818 
299000 -10.0926 
300000 -10.1034 
301000 -10.1141 
302000 -10.1248 
303000 -10.1354 
304000 -10.1461 
305000 -10.1566 
306000 -10.1672 
307000 -10.1777 
308000 -10.1882 
309000 -10.1987 
310000 -10.2091 
311000 -10.2195 
312000 -10.2298 
313000 -10.2401 
314000 -10.2504 
315000 -10.2607 
316000 -10.2709 
317000 -10.2811 
318000 -10.2913 
319000 -10.3014 
320000 -10.3115 
321000 -10.3216 
322000 -10.3316 
323000 -10.3416 
324000 -10.3516 
325000 -10.3615 
326000 -10.3714 
327000 -10.3813 
328000 -10.3912 
329000 -10.401 
330000 -10.4108 
331000 -10.4206 
332000 -10.4303 
333000 -10.44 
334000 -10.4497 
335000 -10.4593 
336000 -10.4689 
337000 -10.4785 
338000 -10.4881 
339000 -10.4976 
340000 -10.5071 
341000 -10.5166 
342000 -10.5261 
343000 -10.5355 
344000 -10.5449 
345000 -10.5543 
346000 -10.5636 
347000 -10.5729 
348000 -10.5822 
349000 -10.5915 
350000 -10.6007 
351000 -10.6099 
352000 -10.6191 
353000 -10.6283 
354000 -10.6374 
355000 -10.6465 
356000 -10.6556 
357000 -10.6647 
358000 -10.6737 
359000 -10.6827 
360000 -10.6917 
361000 -10.7007 
362000 -10.7096 
363000 -10.7185 
364000 -10.7274 
365000 -10.7362 
366000 -10.7451 
367000 -10.7539 
368000 -10.7627 
369000 -10.7715 
370000 -10.7802 
371000 -10.7889 
372000 -10.7976 
373000 -10.8063 
374000 -10.8149 
375000 -10.8236 
376000 -10.8322 
377000 -10.8407 
378000 -10.8493 
379000 -10.8578 
380000 -10.8664 
381000 -10.8748 
382000 -10.8833 
383000 -10.8918 
384000 -10.9002 
385000 -10.9086 
386000 -10.917 
387000 -10.9253 
388000 -10.9337 
389000 -10.942 
390000 -10.9503 
391000 -10.9586 
392000 -10.9668 
393000 -10.9751 
394000 -10.9833 
395000 -10.9915 
396000 -10.9996 
397000 -11.0078 
398000 -11.0159 
399000 -11.024 
400000 -11.0321 
401000 -11.0402 
402000 -11.0482 
403000 -11.0563 
404000 -11.0643 
405000 -11.0723 
406000 -11.0803 
407000 -11.0882 
408000 -11.0961 
409000 -11.1041 
410000 -11.1119 
411000 -11.1198 
412000 -11.1277 
413000 -11.1355 
414000 -11.1433 
415000 -11.1511 
416000 -11.1589 
417000 -11.1667 
418000 -11.1744 
419000 -11.1822 
420000 -11.1899 
421000 -11.1976 
422000 -11.2052 
423000 -11.2129 
424000 -11.2205 
425000 -11.2281 
426000 -11.2357 
427000 -11.2433 
428000 -11.2509 
429000 -11.2584 
430000 -11.266 
431000 -11.2735 
432000 -11.281 
433000 -11.2884 
434000 -11.2959 
435000 -11.3033 
436000 -11.3108 
437000 -11.3182 
438000 -11.3256 
439000 -11.333 
440000 -11.3403 
441000 -11.3477 
442000 -11.355 
443000 -11.3623 
444000 -11.3696 
445000 -11.3769 
446000 -11.3841 
447000 -11.3914 
448000 -11.3986 
449000 -11.4058 
450000 -11.413 
451000 -11.4202 
452000 -11.4274 
453000 -11.4345 
454000 -11.4416 
455000 -11.4488 
456000 -11.4559 
457000 -11.463 
458000 -11.47 
459000 -11.4771 
460000 -11.4841 
461000 -11.4912 
462000 -11.4982 
463000 -11.5052 
464000 -11.5121 
465000 -11.5191 
466000 -11.5261 
467000 -11.533 
468000 -11.5399 
469000 -11.5468 
470000 -11.5537 
471000 -11.5606 
472000 -11.5675 
473000 -11.5743 
474000 -11.5811 
475000 -11.588 
476000 -11.5948 
477000 -11.6016 
478000 -11.6083 
479000 -11.6151 
480000 -11.6219 
481000 -11.6286 
482000 -11.6353 
483000 -11.642 
484000 -11.6487 
485000 -11.6554 
486000 -11.6621 
487000 -11.6687 
488000 -11.6754 
489000 -11.682 
490000 -11.6886 
491000 -11.6952 
492000 -11.7018 
493000 -11.7084 
494000 -11.7149 
495000 -11.7215 
496000 -11.728 
497000 -11.7345 
498000 -11.741 
499000 -11.7475 
500000 -11.754 
501000 -11.7605 
502000 -11.7669 
503000 -11.7734 
504000 -11.7798 
505000 -11.7862 
506000 -11.7926 
507000 -11.799 
508000 -11.8054 
509000 -11.8118 
510000 -11.8181 
511000 -11.8245 
512000 -11.8308 
513000 -11.8371 
514000 -11.8434 
515000 -11.8497 
516000 -11.856 
517000 -11.8622 
518000 -11.8685 
519000 -11.8748 
520000 -11.881 
521000 -11.8872 
522000 -11.8934 
523000 -11.8996 
524000 -11.9058 
525000 -11.912 
526000 -11.9181 
527000 -11.9243 
528000 -11.9304 
529000 -11.9366 
530000 -11.9427 
531000 -11.9488 
532000 -11.9549 
533000 -11.9609 
534000 -11.967 
535000 -11.9731 
536000 -11.9791 
537000 -11.9852 
538000 -11.9912 
539000 -11.9972 
540000 -12.0032 
541000 -12.0092 
542000 -12.0152 
543000 -12.0212 
544000 -12.0271 
545000 -12.0331 
546000 -12.039 
547000 -12.0449 
548000 -12.0508 
549000 -12.0567 
550000 -12.0626 
551000 -12.0685 
552000 -12.0744 
553000 -12.0803 
554000 -12.0861 
555000 -12.092 
556000 -12.0978 
557000 -12.1036 
558000 -12.1094 
559000 -12.1152 
560000 -12.121 
561000 -12.1268 
562000 -12.1326 
563000 -12.1383 
564000 -12.1441 
565000 -12.1498 
566000 -12.1555 
567000 -12.1613 
568000 -12.167 
569000 -12.1727 
570000 -12.1784 
571000 -12.184 
572000 -12.1897 
573000 -12.1954 
574000 -12.201 
575000 -12.2066 
576000 -12.2123 
577000 -12.2179 
578000 -12.2235 
579000 -12.2291 
580000 -12.2347 
581000 -12.2403 
582000 -12.2459 
583000 -12.2514 
584000 -12.257 
585000 -12.2625 
586000 -12.268 
587000 -12.2736 
588000 -12.2791 
589000 -12.2846 
590000 -12.2901 
591000 -12.2956 
592000 -12.3011 
593000 -12.3065 
594000 -12.312 
595000 -12.3174 
596000 -12.3229 
597000 -12.3283 
598000 -12.3337 
599000 -12.3392 
600000 -12.3446 
601000 -12.35 
602000 -12.3553 
603000 -12.3607 
604000 -12.3661 
605000 -12.3715 
606000 -12.3768 
607000 -12.3821 
608000 -12.3875 
609000 -12.3928 
610000 -12.3981 
611000 -12.4034 
612000 -12.4087 
613000 -12.414 
614000 -12.4193 
615000 -12.4246 
616000 -12.4298 
617000 -12.4351 
618000 -12.4404 
619000 -12.4456 
620000 -12.4508 
621000 -12.4561 
622000 -12.4613 
623000 -12.4665 
624000 -12.4717 
625000 -12.4769 
626000 -12.482 
627000 -12.4872 
628000 -12.4924 
629000 -12.4975 
630000 -12.5027 
631000 -12.5078 
632000 -12.513 
633000 -12.5181 
634000 -12.5232 
635000 -12.5283 
636000 -12.5334 
637000 -12.5385 
638000 -12.5436 
639000 -12.5487 
640000 -12.5537 
641000 -12.5588 
642000 -12.5639 
643000 -12.5689 
644000 -12.5739 
645000 -12.579 
646000 -12.584 
647000 -12.589 
648000 -12.594 
649000 -12.599 
650000 -12.604 
651000 -12.609 
652000 -12.614 
653000 -12.6189 
654000 -12.6239 
655000 -12.6288 
656000 -12.6338 
657000 -12.6387 
658000 -12.6437 
659000 -12.6486 
660000 -12.6535 
661000 -12.6584 
662000 -12.6633 
663000 -12.6682 
664000 -12.6731 
665000 -12.678 
666000 -12.6828 
667000 -12.6877 
668000 -12.6926 
669000 -12.6974 
670000 -12.7023 
671000 -12.7071 
672000 -12.7119 
673000 -12.7167 
674000 -12.7216 
675000 -12.7264 
676000 -12.7312 
677000 -12.736 
678000 -12.7407 
679000 -12.7455 
680000 -12.7503 
681000 -12.7551 
682000 -12.7598 
683000 -12.7646 
684000 -12.7693 
685000 -12.7741 
686000 -12.7788 
687000 -12.7835 
688000 -12.7882 
689000 -12.7929 
690000 -12.7976 
691000 -12.8023 
692000 -12.807 
693000 -12.8117 
694000 -12.8164 
695000 -12.8211 
696000 -12.8257 
697000 -12.8304 
698000 -12.835 
699000 -12.8397 
700000 -12.8443 
701000 -12.8489 
702000 -12.8536 
703000 -12.8582 
704000 -12.8628 
705000 -12.8674 
706000 -12.872 
707000 -12.8766 
708000 -12.8812 
709000 -12.8857 
710000 -12.8903 
711000 -12.8949 
712000 -12.8994 
713000 -12.904 
714000 -12.9085 
715000 -12.9131 
716000 -12.9176 
717000 -12.9221 
718000 -12.9266 
719000 -12.9312 
720000 -12.9357 
721000 -12.9402 
722000 -12.9447 
723000 -12.9492 
724000 -12.9536 
725000 -12.9581 
726000 -12.9626 
727000 -12.9671 
728000 -12.9715 
729000 -12.976 
730000 -12.9804 
731000 -12.9849 
732000 -12.9893 
733000 -12.9937 
734000 -12.9981 
735000 -13.0026 
736000 -13.007 
737000 -13.0114 
738000 -13.0158 
739000 -13.0202 
740000 -13.0245 
741000 -13.0289 
742000 -13.0333 
743000 -13.0377 
744000 -13.042 
745000 -13.0464 
746000 -13.0507 
747000 -13.0551 
748000 -13.0594 
749000 -13.0638 
750000 -13.0681 
751000 -13.0724 
752000 -13.0767 
753000 -13.081 
754000 -13.0853 
755000 -13.0896 
756000 -13.0939 
757000 -13.0982 
758000 -13.1025 
759000 -13.1068 
760000 -13.1111 
761000 -13.1153 
762000 -13.1196 
763000 -13.1238 
764000 -13.1281 
765000 -13.1323 
766000 -13.1366 
767000 -13.1408 
768000 -13.145 
769000 -13.1493 
770000 -13.1535 
771000 -13.1577 
772000 -13.1619 
773000 -13.1661 
774000 -13.1703 
775000 -13.1745 
776000 -13.1786 
777000 -13.1828 
778000 -13.187 
779000 -13.1912 
780000 -13.1953 
781000 -13.1995 
782000 -13.2036 
783000 -13.2078 
784000 -13.2119 
785000 -13.2161 
786000 -13.2202 
787000 -13.2243 
788000 -13.2284 
789000 -13.2326 
790000 -13.2367 
791000 -13.2408 
792000 -13.2449 
793000 -13.249 
794000 -13.2531 
795000 -13.2571 
796000 -13.2612 
797000 -13.2653 
798000 -13.2694 
799000 -13.2734 
800000 -13.2775 
801000 -13.2815 
802000 -13.2856 
803000 -13.2896 
804000 -13.2937 
805000 -13.2977 
806000 -13.3017 
807000 -13.3057 
808000 -13.3098 
809000 -13.3138 
810000 -13.3178 
811000 -13.3218 
812000 -13.3258 
813000 -13.3298 
814000 -13.3338 
815000 -13.3378 
816000 -13.3417 
817000 -13.3457 
818000 -13.3497 
819000 -13.3536 
820000 -13.3576 
821000 -13.3616 
822000 -13.3655 
823000 -13.3695 
824000 -13.3734 
825000 -13.3773 
826000 -13.3813 
827000 -13.3852 
828000 -13.3891 
829000 -13.393 
830000 -13.3969 
831000 -13.4009 
832000 -13.4048 
833000 -13.4087 
834000 -13.4125 
835000 -13.4164 
836000 -13.4203 
837000 -13.4242 
838000 -13.4281 
839000 -13.4319 
840000 -13.4358 
841000 -13.4397 
842000 -13.4435 
843000 -13.4474 
844000 -13.4512 
845000 -13.4551 
846000 -13.4589 
847000 -13.4627 
848000 -13.4666 
849000 -13.4704 
850000 -13.4742 
851000 -13.478 
852000 -13.4818 
853000 -13.4857 
854000 -13.4895 
855000 -13.4933 
856000 -13.4971 
857000 -13.5008 
858000 -13.5046 
859000 -13.5084 
860000 -13.5122 
861000 -13.516 
862000 -13.5197 
863000 -13.5235 
864000 -13.5272 
865000 -13.531 
866000 -13.5347 
867000 -13.5385 
868000 -13.5422 
869000 -13.546 
870000 -13.5497 
871000 -13.5534 
872000 -13.5572 
873000 -13.5609 
874000 -13.5646 
875000 -13.5683 
876000 -13.572 
877000 -13.5757 
878000 -13.5794 
879000 -13.5831 
880000 -13.5868 
881000 -13.5905 
882000 -13.5942 
883000 -13.5979 
884000 -13.6015 
885000 -13.6052 
886000 -13.6089 
887000 -13.6125 
888000 -13.6162 
889000 -13.6198 
890000 -13.6235 
891000 -13.6271 
892000 -13.6308 
893000 -13.6344 
894000 -13.638 
895000 -13.6417 
896000 -13.6453 
897000 -13.6489 
898000 -13.6525 
899000 -13.6561 
900000 -13.6598 
901000 -13.6634 
902000 -13.667 
903000 -13.6706 
904000 -13.6741 
905000 -13.6777 
906000 -13.6813 
907000 -13.6849 
908000 -13.6885 
909000 -13.6921 
910000 -13.6956 
911000 -13.6992 
912000 -13.7028 
913000 -13.7063 
914000 -13.7099 
915000 -13.7134 
916000 -13.717 
917000 -13.7205 
918000 -13.724 
919000 -13.7276 
920000 -13.7311 
921000 -13.7346 
922000 -13.7382 
923000 -13.7417 
924000 -13.7452 
925000 -13.7487 
926000 -13.7522 
927000 -13.7557 
928000 -13.7592 
929000 -13.7627 
930000 -13.7662 
931000 -13.7697 
932000 -13.7732 
933000 -13.7767 
934000 -13.7801 
935000 -13.7836 
936000 -13.7871 
937000 -13.7905 
938000 -13.794 
939000 -13.7975 
940000 -13.8009 
941000 -13.8044 
942000 -13.8078 
943000 -13.8113 
944000 -13.8147 
945000 -13.8182 
946000 -13.8216 
947000 -13.825 
948000 -13.8284 
949000 -13.8319 
950000 -13.8353 
951000 -13.8387 
952000 -13.8421 
953000 -13.8455 
954000 -13.8489 
955000 -13.8523 
956000 -13.8557 
957000 -13.8591 
958000 -13.8625 
959000 -13.8659 
960000 -13.8693 
961000 -13.8727 
962000 -13.876 
963000 -13.8794 
964000 -13.8828 
965000 -13.8862 
966000 -13.8895 
967000 -13.8929 
968000 -13.8962 
969000 -13.8996 
970000 -13.9029 
971000 -13.9063 
972000 -13.9096 
973000 -13.913 
974000 -13.9163 
975000 -13.9196 
976000 -13.923 
977000 -13.9263 
978000 -13.9296 
979000 -13.9329 
980000 -13.9362 
981000 -13.9395 
982000 -13.9429 
983000 -13.9462 
984000 -13.9495 
985000 -13.9528 
986000 -13.9561 
987000 -13.9593 
988000 -13.9626 
989000 -13.9659 
990000 -13.9692 
991000 -13.9725 
992000 -13.9758 
993000 -13.979 
994000 -13.9823 
995000 -13.9856 
996000 -13.9888 
997000 -13.9921 
998000 -13.9953 
999000 -13.9986 
1e+06 -14.0018 
