1000 -15.0033 
2000 -4.67082 
3000 -1.80809 
4000 -0.709977 
5000 -0.256364 
6000 -0.0900983 
7000 -0.0668933 
8000 -0.11964 
9000 -0.214067 
10000 -0.331493 
11000 -0.46124 
12000 -0.596999 
13000 -0.734951 
14000 -0.872758 
15000 -1.00898 
16000 -1.14275 
17000 -1.27354 
18000 -1.40108 
19000 -1.52522 
20000 -1.64595 
21000 -1.76327 
22000 -1.87727 
23000 -1.98803 
24000 -2.09567 
25000 -2.20029 
26000 -2.30203 
27000 -2.401 
28000 -2.49731 
29000 -2.59109 
30000 -2.68245 
31000 -2.77149 
32000 -2.85831 
33000 -2.94301 
34000 -3.02568 
35000 -3.10641 
36000 -3.18528 
37000 -3.26237 
38000 -3.33775 
39000 -3.41149 
40000 -3.48365 
41000 -3.55431 
42000 -3.62352 
43000 -3.69133 
44000 -3.75779 
45000 -3.82297 
46000 -3.8869 
47000 -3.94963 
48000 -4.0112 
49000 -4.07165 
50000 -4.13103 
51000 -4.18937 
52000 -4.2467 
53000 -4.30305 
54000 -4.35847 
55000 -4.41297 
56000 -4.4666 
57000 -4.51936 
58000 -4.5713 
59000 -4.62244 
60000 -4.67279 
61000 -4.72239 
62000 -4.77126 
63000 -4.81941 
64000 -4.86687 
65000 -4.91366 
66000 -4.95979 
67000 -5.00528 
68000 -5.05016 
69000 -5.09443 
70000 -5.13811 
71000 -5.18122 
72000 -5.22377 
73000 -5.26578 
74000 -5.30726 
75000 -5.34822 
76000 -5.38867 
77000 -5.42864 
78000 -5.46812 
79000 -5.50714 
80000 -5.54569 
81000 -5.5838 
82000 -5.62147 
83000 -5.65871 
84000 -5.69554 
85000 -5.73195 
86000 -5.76797 
87000 -5.80359 
88000 -5.83884 
89000 -5.8737 
90000 -5.9082 
91000 -5.94234 
92000 -5.97613 
93000 -6.00957 
94000 -6.04267 
95000 -6.07545 
96000 -6.10789 
97000 -6.14002 
98000 -6.17184 
99000 -6.20335 
100000 -6.23456 
101000 -6.26547 
102000 -6.2961 
103000 -6.32644 
104000 -6.35651 
105000 -6.38629 
106000 -6.41581 
107000 -6.44507 
108000 -6.47407 
109000 -6.50281 
110000 -6.5313 
111000 -6.55954 
112000 -6.58755 
113000 -6.61531 
114000 -6.64284 
115000 -6.67015 
116000 -6.69722 
117000 -6.72407 
118000 -6.75071 
119000 -6.77713 
120000 -6.80333 
121000 -6.82933 
122000 -6.85512 
123000 -6.88072 
124000 -6.90611 
125000 -6.9313 
126000 -6.95631 
127000 -6.98112 
128000 -7.00575 
129000 -7.03019 
130000 -7.05445 
131000 -7.07853 
132000 -7.10243 
133000 -7.12617 
134000 -7.14973 
135000 -7.17312 
136000 -7.19634 
137000 -7.2194 
138000 -7.2423 
139000 -7.26504 
140000 -7.28762 
141000 -7.31005 
142000 -7.33233 
143000 -7.35445 
144000 -7.37642 
145000 -7.39825 
146000 -7.41993 
147000 -7.44147 
148000 -7.46287 
149000 -7.48413 
150000 -7.50525 
151000 -7.52623 
152000 -7.54709 
153000 -7.5678 
154000 -7.58839 
155000 -7.60885 
156000 -7.62918 
157000 -7.64939 
158000 -7.66947 
159000 -7.68943 
160000 -7.70926 
161000 -7.72898 
162000 -7.74858 
163000 -7.76806 
164000 -7.78743 
165000 -7.80668 
166000 -7.82582 
167000 -7.84485 
168000 -7.86376 
169000 -7.88257 
170000 -7.90127 
171000 -7.91986 
172000 -7.93835 
173000 -7.95674 
174000 -7.97502 
175000 -7.9932 
176000 -8.01127 
177000 -8.02925 
178000 -8.04713 
179000 -8.06491 
180000 -8.0826 
181000 -8.10019 
182000 -8.11769 
183000 -8.13509 
184000 -8.1524 
185000 -8.16962 
186000 -8.18675 
187000 -8.20379 
188000 -8.22074 
189000 -8.2376 
190000 -8.25438 
191000 -8.27107 
192000 -8.28767 
193000 -8.30419 
194000 -8.32063 
195000 -8.33699 
196000 -8.35326 
197000 -8.36945 
198000 -8.38557 
199000 -8.4016 
200000 -8.41756 
201000 -8.43343 
202000 -8.44923 
203000 -8.46496 
204000 -8.48061 
205000 -8.49618 
206000 -8.51168 
207000 -8.52711 
208000 -8.54246 
209000 -8.55775 
210000 -8.57296 
211000 -8.5881 
212000 -8.60317 
213000 -8.61817 
214000 -8.6331 
215000 -8.64797 
216000 -8.66276 
217000 -8.67749 
218000 -8.69216 
219000 -8.70675 
220000 -8.72129 
221000 -8.73576 
222000 -8.75016 
223000 -8.7645 
224000 -8.77878 
225000 -8.793 
226000 -8.80715 
227000 -8.82124 
228000 -8.83528 
229000 -8.84925 
230000 -8.86316 
231000 -8.87701 
232000 -8.89081 
233000 -8.90455 
234000 -8.91822 
235000 -8.93185 
236000 -8.94541 
237000 -8.95892 
238000 -8.97237 
239000 -8.98577 
240000 -8.99912 
241000 -9.0124 
242000 -9.02564 
243000 -9.03882 
244000 -9.05195 
245000 -9.06502 
246000 -9.07805 
247000 -9.09102 
248000 -9.10394 
249000 -9.11681 
250000 -9.12963 
251000 -9.14239 
252000 -9.15511 
253000 -9.16778 
254000 -9.1804 
255000 -9.19297 
256000 -9.2055 
257000 -9.21797 
258000 -9.2304 
259000 -9.24278 
260000 -9.25511 
261000 -9.2674 
262000 -9.27964 
263000 -9.29183 
264000 -9.30398 
265000 -9.31609 
266000 -9.32815 
267000 -9.34016 
268000 -9.35213 
269000 -9.36406 
270000 -9.37595 
271000 -9.38779 
272000 -9.39958 
273000 -9.41134 
274000 -9.42305 
275000 -9.43472 
276000 -9.44635 
277000 -9.45794 
278000 -9.46949 
279000 -9.48099 
280000 -9.49246 
281000 -9.50388 
282000 -9.51527 
283000 -9.52661 
284000 -9.53792 
285000 -9.54919 
286000 -9.56042 
287000 -9.57161 
288000 -9.58276 
289000 -9.59387 
290000 -9.60495 
291000 -9.61599 
292000 -9.62699 
293000 -9.63795 
294000 -9.64888 
295000 -9.65977 
296000 -9.67062 
297000 -9.68144 
298000 -9.69223 
299000 -9.70297 
300000 -9.71368 
301000 -9.72436 
302000 -9.735 
303000 -9.74561 
304000 -9.75618 
305000 -9.76672 
306000 -9.77723 
307000 -9.7877 
308000 -9.79813 
309000 -9.80854 
310000 -9.81891 
311000 -9.82925 
312000 -9.83955 
313000 -9.84983 
314000 -9.86007 
315000 -9.87027 
316000 -9.88045 
317000 -9.8906 
318000 -9.90071 
319000 -9.91079 
320000 -9.92084 
321000 -9.93086 
322000 -9.94085 
323000 -9.95081 
324000 -9.96074 
325000 -9.97064 
326000 -9.98051 
327000 -9.99035 
328000 -10.0002 
329000 -10.0099 
330000 -10.0197 
331000 -10.0294 
332000 -10.0391 
333000 -10.0488 
334000 -10.0584 
335000 -10.068 
336000 -10.0776 
337000 -10.0871 
338000 -10.0967 
339000 -10.1061 
340000 -10.1156 
341000 -10.1251 
342000 -10.1345 
343000 -10.1439 
344000 -10.1532 
345000 -10.1625 
346000 -10.1718 
347000 -10.1811 
348000 -10.1904 
349000 -10.1996 
350000 -10.2088 
351000 -10.218 
352000 -10.2271 
353000 -10.2362 
354000 -10.2453 
355000 -10.2544 
356000 -10.2635 
357000 -10.2725 
358000 -10.2815 
359000 -10.2905 
360000 -10.2994 
361000 -10.3083 
362000 -10.3172 
363000 -10.3261 
364000 -10.3349 
365000 -10.3438 
366000 -10.3526 
367000 -10.3613 
368000 -10.3701 
369000 -10.3788 
370000 -10.3875 
371000 -10.3962 
372000 -10.4049 
373000 -10.4135 
374000 -10.4221 
375000 -10.4307 
376000 -10.4393 
377000 -10.4479 
378000 -10.4564 
379000 -10.4649 
380000 -10.4734 
381000 -10.4818 
382000 -10.4903 
383000 -10.4987 
384000 -10.5071 
385000 -10.5154 
386000 -10.5238 
387000 -10.5321 
388000 -10.5404 
389000 -10.5487 
390000 -10.557 
391000 -10.5652 
392000 -10.5735 
393000 -10.5817 
394000 -10.5898 
395000 -10.598 
396000 -10.6061 
397000 -10.6143 
398000 -10.6224 
399000 -10.6305 
400000 -10.6385 
401000 -10.6466 
402000 -10.6546 
403000 -10.6626 
404000 -10.6706 
405000 -10.6785 
406000 -10.6865 
407000 -10.6944 
408000 -10.7023 
409000 -10.7102 
410000 -10.7181 
411000 -10.7259 
412000 -10.7337 
413000 -10.7415 
414000 -10.7493 
415000 -10.7571 
416000 -10.7649 
417000 -10.7726 
418000 -10.7803 
419000 -10.788 
420000 -10.7957 
421000 -10.8034 
422000 -10.811 
423000 -10.8186 
424000 -10.8262 
425000 -10.8338 
426000 -10.8414 
427000 -10.849 
428000 -10.8565 
429000 -10.864 
430000 -10.8715 
431000 -10.879 
432000 -10.8865 
433000 -10.8939 
434000 -10.9014 
435000 -10.9088 
436000 -10.9162 
437000 -10.9236 
438000 -10.9309 
439000 -10.9383 
440000 -10.9456 
441000 -10.953 
442000 -10.9603 
443000 -10.9675 
444000 -10.9748 
445000 -10.9821 
446000 -10.9893 
447000 -10.9965 
448000 -11.0037 
449000 -11.0109 
450000 -11.0181 
451000 -11.0253 
452000 -11.0324 
453000 -11.0395 
454000 -11.0466 
455000 -11.0537 
456000 -11.0608 
457000 -11.0679 
458000 -11.0749 
459000 -11.082 
460000 -11.089 
461000 -11.096 
462000 -11.103 
463000 -11.1099 
464000 -11.1169 
465000 -11.1239 
466000 -11.1308 
467000 -11.1377 
468000 -11.1446 
469000 -11.1515 
470000 -11.1584 
471000 -11.1652 
472000 -11.1721 
473000 -11.1789 
474000 -11.1857 
475000 -11.1925 
476000 -11.1993 
477000 -11.2061 
478000 -11.2128 
479000 -11.2196 
480000 -11.2263 
481000 -11.233 
482000 -11.2397 
483000 -11.2464 
484000 -11.2531 
485000 -11.2597 
486000 -11.2664 
487000 -11.273 
488000 -11.2796 
489000 -11.2862 
490000 -11.2928 
491000 -11.2994 
492000 -11.306 
493000 -11.3125 
494000 -11.3191 
495000 -11.3256 
496000 -11.3321 
497000 -11.3386 
498000 -11.3451 
499000 -11.3516 
500000 -11.358 
501000 -11.3645 
502000 -11.3709 
503000 -11.3773 
504000 -11.3838 
505000 -11.3902 
506000 -11.3965 
507000 -11.4029 
508000 -11.4093 
509000 -11.4156 
510000 -11.422 
511000 -11.4283 
512000 -11.4346 
513000 -11.4409 
514000 -11.4472 
515000 -11.4535 
516000 -11.4597 
517000 -11.466 
518000 -11.4722 
519000 -11.4784 
520000 -11.4847 
521000 -11.4909 
522000 -11.4971 
523000 -11.5032 
524000 -11.5094 
525000 -11.5156 
526000 -11.5217 
527000 -11.5278 
528000 -11.534 
529000 -11.5401 
530000 -11.5462 
531000 -11.5523 
532000 -11.5583 
533000 -11.5644 
534000 -11.5705 
535000 -11.5765 
536000 -11.5825 
537000 -11.5886 
538000 -11.5946 
539000 -11.6006 
540000 -11.6065 
541000 -11.6125 
542000 -11.6185 
543000 -11.6244 
544000 -11.6304 
545000 -11.6363 
546000 -11.6422 
547000 -11.6482 
548000 -11.6541 
549000 -11.6599 
550000 -11.6658 
551000 -11.6717 
552000 -11.6776 
553000 -11.6834 
554000 -11.6892 
555000 -11.6951 
556000 -11.7009 
557000 -11.7067 
558000 -11.7125 
559000 -11.7183 
560000 -11.724 
561000 -11.7298 
562000 -11.7356 
563000 -11.7413 
564000 -11.747 
565000 -11.7528 
566000 -11.7585 
567000 -11.7642 
568000 -11.7699 
569000 -11.7756 
570000 -11.7812 
571000 -11.7869 
572000 -11.7926 
573000 -11.7982 
574000 -11.8038 
575000 -11.8095 
576000 -11.8151 
577000 -11.8207 
578000 -11.8263 
579000 -11.8319 
580000 -11.8374 
581000 -11.843 
582000 -11.8486 
583000 -11.8541 
584000 -11.8597 
585000 -11.8652 
586000 -11.8707 
587000 -11.8762 
588000 -11.8817 
589000 -11.8872 
590000 -11.8927 
591000 -11.8982 
592000 -11.9036 
593000 -11.9091 
594000 -11.9145 
595000 -11.92 
596000 -11.9254 
597000 -11.9308 
598000 -11.9362 
599000 -11.9416 
600000 -11.947 
601000 -11.9524 
602000 -11.9578 
603000 -11.9632 
604000 -11.9685 
605000 -11.9739 
606000 -11.9792 
607000 -11.9845 
608000 -11.9899 
609000 -11.9952 
610000 -12.0005 
611000 -12.0058 
612000 -12.0111 
613000 -12.0163 
614000 -12.0216 
615000 -12.0269 
616000 -12.0321 
617000 -12.0374 
618000 -12.0426 
619000 -12.0478 
620000 -12.0531 
621000 -12.0583 
622000 -12.0635 
623000 -12.0687 
624000 -12.0738 
625000 -12.079 
626000 -12.0842 
627000 -12.0894 
628000 -12.0945 
629000 -12.0997 
630000 -12.1048 
631000 -12.1099 
632000 -12.115 
633000 -12.1202 
634000 -12.1253 
635000 -12.1304 
636000 -12.1354 
637000 -12.1405 
638000 -12.1456 
639000 -12.1507 
640000 -12.1557 
641000 -12.1608 
642000 -12.1658 
643000 -12.1709 
644000 -12.1759 
645000 -12.1809 
646000 -12.1859 
647000 -12.1909 
648000 -12.1959 
649000 -12.2009 
650000 -12.2059 
651000 -12.2109 
652000 -12.2158 
653000 -12.2208 
654000 -12.2257 
655000 -12.2307 
656000 -12.2356 
657000 -12.2405 
658000 -12.2454 
659000 -12.2504 
660000 -12.2553 
661000 -12.2602 
662000 -12.2651 
663000 -12.2699 
664000 -12.2748 
665000 -12.2797 
666000 -12.2845 
667000 -12.2894 
668000 -12.2942 
669000 -12.2991 
670000 -12.3039 
671000 -12.3087 
672000 -12.3136 
673000 -12.3184 
674000 -12.3232 
675000 -12.328 
676000 -12.3328 
677000 -12.3375 
678000 -12.3423 
679000 -12.3471 
680000 -12.3519 
681000 -12.3566 
682000 -12.3614 
683000 -12.3661 
684000 -12.3708 
685000 -12.3756 
686000 -12.3803 
687000 -12.385 
688000 -12.3897 
689000 -12.3944 
690000 -12.3991 
691000 -12.4038 
692000 -12.4085 
693000 -12.4131 
694000 -12.4178 
695000 -12.4225 
696000 -12.4271 
697000 -12.4318 
698000 -12.4364 
699000 -12.441 
700000 -12.4457 
701000 -12.4503 
702000 -12.4549 
703000 -12.4595 
704000 -12.4641 
705000 -12.4687 
706000 -12.4733 
707000 -12.4779 
708000 -12.4824 
709000 -12.487 
710000 -12.4916 
711000 -12.4961 
712000 -12.5007 
713000 -12.5052 
714000 -12.5098 
715000 -12.5143 
716000 -12.5188 
717000 -12.5233 
718000 -12.5278 
719000 -12.5323 
720000 -12.5368 
721000 -12.5413 
722000 -12.5458 
723000 -12.5503 
724000 -12.5548 
725000 -12.5592 
726000 -12.5637 
727000 -12.5682 
728000 -12.5726 
729000 -12.5771 
730000 -12.5815 
731000 -12.5859 
732000 -12.5904 
733000 -12.5948 
734000 -12.5992 
735000 -12.6036 
736000 -12.608 
737000 -12.6124 
738000 -12.6168 
739000 -12.6212 
740000 -12.6255 
741000 -12.6299 
742000 -12.6343 
743000 -12.6386 
744000 -12.643 
745000 -12.6473 
746000 -12.6517 
747000 -12.656 
748000 -12.6604 
749000 -12.6647 
750000 -12.669 
751000 -12.6733 
752000 -12.6776 
753000 -12.6819 
754000 -12.6862 
755000 -12.6905 
756000 -12.6948 
757000 -12.6991 
758000 -12.7034 
759000 -12.7076 
760000 -12.7119 
761000 -12.7161 
762000 -12.7204 
763000 -12.7246 
764000 -12.7289 
765000 -12.7331 
766000 -12.7374 
767000 -12.7416 
768000 -12.7458 
769000 -12.75 
770000 -12.7542 
771000 -12.7584 
772000 -12.7626 
773000 -12.7668 
774000 -12.771 
775000 -12.7752 
776000 -12.7794 
777000 -12.7835 
778000 -12.7877 
779000 -12.7919 
780000 -12.796 
781000 -12.8002 
782000 -12.8043 
783000 -12.8084 
784000 -12.8126 
785000 -12.8167 
786000 -12.8208 
787000 -12.8249 
788000 -12.8291 
789000 -12.8332 
790000 -12.8373 
791000 -12.8414 
792000 -12.8455 
793000 -12.8495 
794000 -12.8536 
795000 -12.8577 
796000 -12.8618 
797000 -12.8658 
798000 -12.8699 
799000 -12.874 
800000 -12.878 
801000 -12.8821 
802000 -12.8861 
803000 -12.8901 
804000 -12.8942 
805000 -12.8982 
806000 -12.9022 
807000 -12.9062 
808000 -12.9102 
809000 -12.9142 
810000 -12.9182 
811000 -12.9222 
812000 -12.9262 
813000 -12.9302 
814000 -12.9342 
815000 -12.9382 
816000 -12.9421 
817000 -12.9461 
818000 -12.9501 
819000 -12.954 
820000 -12.958 
821000 -12.9619 
822000 -12.9659 
823000 -12.9698 
824000 -12.9738 
825000 -12.9777 
826000 -12.9816 
827000 -12.9855 
828000 -12.9894 
829000 -12.9934 
830000 -12.9973 
831000 -13.0012 
832000 -13.0051 
833000 -13.0089 
834000 -13.0128 
835000 -13.0167 
836000 -13.0206 
837000 -13.0245 
838000 -13.0283 
839000 -13.0322 
840000 -13.0361 
841000 -13.0399 
842000 -13.0438 
843000 -13.0476 
844000 -13.0514 
845000 -13.0553 
846000 -13.0591 
847000 -13.0629 
848000 -13.0668 
849000 -13.0706 
850000 -13.0744 
851000 -13.0782 
852000 -13.082 
853000 -13.0858 
854000 -13.0896 
855000 -13.0934 
856000 -13.0972 
857000 -13.101 
858000 -13.1048 
859000 -13.1085 
860000 -13.1123 
861000 -13.1161 
862000 -13.1198 
863000 -13.1236 
864000 -13.1273 
865000 -13.1311 
866000 -13.1348 
867000 -13.1386 
868000 -13.1423 
869000 -13.146 
870000 -13.1498 
871000 -13.1535 
872000 -13.1572 
873000 -13.1609 
874000 -13.1646 
875000 -13.1683 
876000 -13.172 
877000 -13.1757 
878000 -13.1794 
879000 -13.1831 
880000 -13.1868 
881000 -13.1905 
882000 -13.1942 
883000 -13.1978 
884000 -13.2015 
885000 -13.2052 
886000 -13.2088 
887000 -13.2125 
888000 -13.2161 
889000 -13.2198 
890000 -13.2234 
891000 -13.2271 
892000 -13.2307 
893000 -13.2343 
894000 -13.2379 
895000 -13.2416 
896000 -13.2452 
897000 -13.2488 
898000 -13.2524 
899000 -13.256 
900000 -13.2596 
901000 -13.2632 
902000 -13.2668 
903000 -13.2704 
904000 -13.274 
905000 -13.2776 
906000 -13.2812 
907000 -13.2847 
908000 -13.2883 
909000 -13.2919 
910000 -13.2954 
911000 -13.299 
912000 -13.3026 
913000 -13.3061 
914000 -13.3097 
915000 -13.3132 
916000 -13.3167 
917000 -13.3203 
918000 -13.3238 
919000 -13.3273 
920000 -13.3309 
921000 -13.3344 
922000 -13.3379 
923000 -13.3414 
924000 -13.3449 
925000 -13.3484 
926000 -13.3519 
927000 -13.3554 
928000 -13.3589 
929000 -13.3624 
930000 -13.3659 
931000 -13.3694 
932000 -13.3729 
933000 -13.3763 
934000 -13.3798 
935000 -13.3833 
936000 -13.3868 
937000 -13.3902 
938000 -13.3937 
939000 -13.3971 
940000 -13.4006 
941000 -13.404 
942000 -13.4075 
943000 -13.4109 
944000 -13.4143 
945000 -13.4178 
946000 -13.4212 
947000 -13.4246 
948000 -13.4281 
949000 -13.4315 
950000 -13.4349 
951000 -13.4383 
952000 -13.4417 
953000 -13.4451 
954000 -13.4485 
955000 -13.4519 
956000 -13.4553 
957000 -13.4587 
958000 -13.4621 
959000 -13.4655 
960000 -13.4688 
961000 -13.4722 
962000 -13.4756 
963000 -13.4789 
964000 -13.4823 
965000 -13.4857 
966000 -13.489 
967000 -13.4924 
968000 -13.4957 
969000 -13.4991 
970000 -13.5024 
971000 -13.5058 
972000 -13.5091 
973000 -13.5124 
974000 -13.5158 
975000 -13.5191 
976000 -13.5224 
977000 -13.5257 
978000 -13.5291 
979000 -13.5324 
980000 -13.5357 
981000 -13.539 
982000 -13.5423 
983000 -13.5456 
984000 -13.5489 
985000 -13.5522 
986000 -13.5555 
987000 -13.5588 
988000 -13.562 
989000 -13.5653 
990000 -13.5686 
991000 -13.5719 
992000 -13.5751 
993000 -13.5784 
994000 -13.5817 
995000 -13.5849 
996000 -13.5882 
997000 -13.5915 
998000 -13.5947 
999000 -13.5979 
1e+06 -13.6012 
