1000 -10.651 
2000 -2.79562 
3000 -0.704452 
4000 0.0244718 
5000 0.264422 
6000 0.293231 
7000 0.221707 
8000 0.100374 
9000 -0.0456271 
10000 -0.203023 
11000 -0.364524 
12000 -0.526034 
13000 -0.685238 
14000 -0.840846 
15000 -0.992175 
16000 -1.1389 
17000 -1.28093 
18000 -1.4183 
19000 -1.5511 
20000 -1.67951 
21000 -1.80369 
22000 -1.92385 
23000 -2.04018 
24000 -2.15286 
25000 -2.26208 
26000 -2.36802 
27000 -2.47084 
28000 -2.57071 
29000 -2.66778 
30000 -2.76218 
31000 -2.85404 
32000 -2.94349 
33000 -3.03065 
34000 -3.11562 
35000 -3.19851 
36000 -3.2794 
37000 -3.35839 
38000 -3.43557 
39000 -3.51101 
40000 -3.58478 
41000 -3.65696 
42000 -3.72761 
43000 -3.79679 
44000 -3.86456 
45000 -3.93097 
46000 -3.99609 
47000 -4.05994 
48000 -4.12259 
49000 -4.18408 
50000 -4.24445 
51000 -4.30373 
52000 -4.36196 
53000 -4.41919 
54000 -4.47544 
55000 -4.53075 
56000 -4.58514 
57000 -4.63866 
58000 -4.69131 
59000 -4.74314 
60000 -4.79416 
61000 -4.84441 
62000 -4.89389 
63000 -4.94265 
64000 -4.99069 
65000 -5.03803 
66000 -5.08471 
67000 -5.13073 
68000 -5.17611 
69000 -5.22088 
70000 -5.26504 
71000 -5.30862 
72000 -5.35162 
73000 -5.39407 
74000 -5.43598 
75000 -5.47735 
76000 -5.51821 
77000 -5.55857 
78000 -5.59843 
79000 -5.63782 
80000 -5.67674 
81000 -5.7152 
82000 -5.75321 
83000 -5.79079 
84000 -5.82794 
85000 -5.86468 
86000 -5.901 
87000 -5.93693 
88000 -5.97247 
89000 -6.00762 
90000 -6.0424 
91000 -6.07682 
92000 -6.11088 
93000 -6.14458 
94000 -6.17794 
95000 -6.21097 
96000 -6.24366 
97000 -6.27603 
98000 -6.30809 
99000 -6.33983 
100000 -6.37127 
101000 -6.4024 
102000 -6.43325 
103000 -6.4638 
104000 -6.49407 
105000 -6.52407 
106000 -6.55379 
107000 -6.58324 
108000 -6.61243 
109000 -6.64136 
110000 -6.67004 
111000 -6.69847 
112000 -6.72665 
113000 -6.75459 
114000 -6.78229 
115000 -6.80977 
116000 -6.83701 
117000 -6.86402 
118000 -6.89082 
119000 -6.91739 
120000 -6.94376 
121000 -6.96991 
122000 -6.99585 
123000 -7.02159 
124000 -7.04712 
125000 -7.07246 
126000 -7.09761 
127000 -7.12256 
128000 -7.14732 
129000 -7.1719 
130000 -7.19629 
131000 -7.2205 
132000 -7.24453 
133000 -7.26839 
134000 -7.29207 
135000 -7.31558 
136000 -7.33893 
137000 -7.36211 
138000 -7.38512 
139000 -7.40798 
140000 -7.43067 
141000 -7.45321 
142000 -7.47559 
143000 -7.49782 
144000 -7.5199 
145000 -7.54184 
146000 -7.56362 
147000 -7.58526 
148000 -7.60676 
149000 -7.62812 
150000 -7.64934 
151000 -7.67042 
152000 -7.69137 
153000 -7.71218 
154000 -7.73286 
155000 -7.75341 
156000 -7.77383 
157000 -7.79413 
158000 -7.8143 
159000 -7.83434 
160000 -7.85427 
161000 -7.87407 
162000 -7.89375 
163000 -7.91332 
164000 -7.93276 
165000 -7.9521 
166000 -7.97131 
167000 -7.99042 
168000 -8.00942 
169000 -8.0283 
170000 -8.04708 
171000 -8.06574 
172000 -8.08431 
173000 -8.10276 
174000 -8.12112 
175000 -8.13937 
176000 -8.15752 
177000 -8.17556 
178000 -8.19351 
179000 -8.21136 
180000 -8.22912 
181000 -8.24678 
182000 -8.26434 
183000 -8.28181 
184000 -8.29918 
185000 -8.31646 
186000 -8.33366 
187000 -8.35076 
188000 -8.36777 
189000 -8.38469 
190000 -8.40153 
191000 -8.41828 
192000 -8.43495 
193000 -8.45153 
194000 -8.46802 
195000 -8.48443 
196000 -8.50076 
197000 -8.51701 
198000 -8.53318 
199000 -8.54927 
200000 -8.56528 
201000 -8.58121 
202000 -8.59707 
203000 -8.61284 
204000 -8.62855 
205000 -8.64417 
206000 -8.65972 
207000 -8.6752 
208000 -8.69061 
209000 -8.70594 
210000 -8.7212 
211000 -8.73639 
212000 -8.75151 
213000 -8.76655 
214000 -8.78153 
215000 -8.79645 
216000 -8.81129 
217000 -8.82606 
218000 -8.84077 
219000 -8.85542 
220000 -8.86999 
221000 -8.88451 
222000 -8.89896 
223000 -8.91334 
224000 -8.92766 
225000 -8.94192 
226000 -8.95612 
227000 -8.97025 
228000 -8.98433 
229000 -8.99834 
230000 -9.01229 
231000 -9.02619 
232000 -9.04002 
233000 -9.0538 
234000 -9.06752 
235000 -9.08118 
236000 -9.09478 
237000 -9.10833 
238000 -9.12182 
239000 -9.13526 
240000 -9.14864 
241000 -9.16197 
242000 -9.17524 
243000 -9.18846 
244000 -9.20162 
245000 -9.21473 
246000 -9.22779 
247000 -9.2408 
248000 -9.25375 
249000 -9.26666 
250000 -9.27951 
251000 -9.29231 
252000 -9.30506 
253000 -9.31777 
254000 -9.33042 
255000 -9.34302 
256000 -9.35558 
257000 -9.36809 
258000 -9.38055 
259000 -9.39296 
260000 -9.40533 
261000 -9.41764 
262000 -9.42992 
263000 -9.44214 
264000 -9.45432 
265000 -9.46646 
266000 -9.47855 
267000 -9.49059 
268000 -9.50259 
269000 -9.51455 
270000 -9.52646 
271000 -9.53833 
272000 -9.55016 
273000 -9.56194 
274000 -9.57369 
275000 -9.58539 
276000 -9.59704 
277000 -9.60866 
278000 -9.62023 
279000 -9.63177 
280000 -9.64326 
281000 -9.65471 
282000 -9.66613 
283000 -9.6775 
284000 -9.68883 
285000 -9.70013 
286000 -9.71138 
287000 -9.7226 
288000 -9.73377 
289000 -9.74491 
290000 -9.75601 
291000 -9.76708 
292000 -9.7781 
293000 -9.78909 
294000 -9.80005 
295000 -9.81096 
296000 -9.82184 
297000 -9.83268 
298000 -9.84349 
299000 -9.85426 
300000 -9.865 
301000 -9.8757 
302000 -9.88636 
303000 -9.89699 
304000 -9.90759 
305000 -9.91815 
306000 -9.92868 
307000 -9.93917 
308000 -9.94963 
309000 -9.96006 
310000 -9.97045 
311000 -9.98081 
312000 -9.99114 
313000 -10.0014 
314000 -10.0117 
315000 -10.0219 
316000 -10.0321 
317000 -10.0423 
318000 -10.0524 
319000 -10.0625 
320000 -10.0726 
321000 -10.0826 
322000 -10.0927 
323000 -10.1026 
324000 -10.1126 
325000 -10.1225 
326000 -10.1324 
327000 -10.1422 
328000 -10.1521 
329000 -10.1619 
330000 -10.1716 
331000 -10.1814 
332000 -10.1911 
333000 -10.2008 
334000 -10.2104 
335000 -10.2201 
336000 -10.2297 
337000 -10.2392 
338000 -10.2488 
339000 -10.2583 
340000 -10.2678 
341000 -10.2772 
342000 -10.2867 
343000 -10.2961 
344000 -10.3054 
345000 -10.3148 
346000 -10.3241 
347000 -10.3334 
348000 -10.3427 
349000 -10.3519 
350000 -10.3611 
351000 -10.3703 
352000 -10.3795 
353000 -10.3886 
354000 -10.3977 
355000 -10.4068 
356000 -10.4159 
357000 -10.4249 
358000 -10.4339 
359000 -10.4429 
360000 -10.4519 
361000 -10.4608 
362000 -10.4697 
363000 -10.4786 
364000 -10.4875 
365000 -10.4963 
366000 -10.5052 
367000 -10.514 
368000 -10.5227 
369000 -10.5315 
370000 -10.5402 
371000 -10.5489 
372000 -10.5576 
373000 -10.5662 
374000 -10.5749 
375000 -10.5835 
376000 -10.5921 
377000 -10.6006 
378000 -10.6092 
379000 -10.6177 
380000 -10.6262 
381000 -10.6346 
382000 -10.6431 
383000 -10.6515 
384000 -10.6599 
385000 -10.6683 
386000 -10.6767 
387000 -10.685 
388000 -10.6934 
389000 -10.7017 
390000 -10.7099 
391000 -10.7182 
392000 -10.7264 
393000 -10.7347 
394000 -10.7428 
395000 -10.751 
396000 -10.7592 
397000 -10.7673 
398000 -10.7754 
399000 -10.7835 
400000 -10.7916 
401000 -10.7997 
402000 -10.8077 
403000 -10.8157 
404000 -10.8237 
405000 -10.8317 
406000 -10.8396 
407000 -10.8476 
408000 -10.8555 
409000 -10.8634 
410000 -10.8713 
411000 -10.8791 
412000 -10.887 
413000 -10.8948 
414000 -10.9026 
415000 -10.9104 
416000 -10.9182 
417000 -10.9259 
418000 -10.9336 
419000 -10.9413 
420000 -10.949 
421000 -10.9567 
422000 -10.9644 
423000 -10.972 
424000 -10.9796 
425000 -10.9872 
426000 -10.9948 
427000 -11.0024 
428000 -11.0099 
429000 -11.0175 
430000 -11.025 
431000 -11.0325 
432000 -11.04 
433000 -11.0474 
434000 -11.0549 
435000 -11.0623 
436000 -11.0697 
437000 -11.0771 
438000 -11.0845 
439000 -11.0919 
440000 -11.0992 
441000 -11.1065 
442000 -11.1139 
443000 -11.1211 
444000 -11.1284 
445000 -11.1357 
446000 -11.1429 
447000 -11.1502 
448000 -11.1574 
449000 -11.1646 
450000 -11.1718 
451000 -11.1789 
452000 -11.1861 
453000 -11.1932 
454000 -11.2004 
455000 -11.2075 
456000 -11.2146 
457000 -11.2216 
458000 -11.2287 
459000 -11.2357 
460000 -11.2428 
461000 -11.2498 
462000 -11.2568 
463000 -11.2638 
464000 -11.2707 
465000 -11.2777 
466000 -11.2846 
467000 -11.2915 
468000 -11.2985 
469000 -11.3054 
470000 -11.3122 
471000 -11.3191 
472000 -11.326 
473000 -11.3328 
474000 -11.3396 
475000 -11.3464 
476000 -11.3532 
477000 -11.36 
478000 -11.3668 
479000 -11.3735 
480000 -11.3803 
481000 -11.387 
482000 -11.3937 
483000 -11.4004 
484000 -11.4071 
485000 -11.4137 
486000 -11.4204 
487000 -11.427 
488000 -11.4337 
489000 -11.4403 
490000 -11.4469 
491000 -11.4535 
492000 -11.4601 
493000 -11.4666 
494000 -11.4732 
495000 -11.4797 
496000 -11.4862 
497000 -11.4927 
498000 -11.4992 
499000 -11.5057 
500000 -11.5122 
501000 -11.5186 
502000 -11.5251 
503000 -11.5315 
504000 -11.5379 
505000 -11.5443 
506000 -11.5507 
507000 -11.5571 
508000 -11.5635 
509000 -11.5698 
510000 -11.5762 
511000 -11.5825 
512000 -11.5888 
513000 -11.5952 
514000 -11.6014 
515000 -11.6077 
516000 -11.614 
517000 -11.6203 
518000 -11.6265 
519000 -11.6327 
520000 -11.639 
521000 -11.6452 
522000 -11.6514 
523000 -11.6576 
524000 -11.6637 
525000 -11.6699 
526000 -11.6761 
527000 -11.6822 
528000 -11.6883 
529000 -11.6945 
530000 -11.7006 
531000 -11.7067 
532000 -11.7127 
533000 -11.7188 
534000 -11.7249 
535000 -11.7309 
536000 -11.737 
537000 -11.743 
538000 -11.749 
539000 -11.755 
540000 -11.761 
541000 -11.767 
542000 -11.773 
543000 -11.7789 
544000 -11.7849 
545000 -11.7908 
546000 -11.7967 
547000 -11.8027 
548000 -11.8086 
549000 -11.8145 
550000 -11.8204 
551000 -11.8262 
552000 -11.8321 
553000 -11.838 
554000 -11.8438 
555000 -11.8496 
556000 -11.8555 
557000 -11.8613 
558000 -11.8671 
559000 -11.8729 
560000 -11.8786 
561000 -11.8844 
562000 -11.8902 
563000 -11.8959 
564000 -11.9017 
565000 -11.9074 
566000 -11.9131 
567000 -11.9188 
568000 -11.9245 
569000 -11.9302 
570000 -11.9359 
571000 -11.9416 
572000 -11.9472 
573000 -11.9529 
574000 -11.9585 
575000 -11.9642 
576000 -11.9698 
577000 -11.9754 
578000 -11.981 
579000 -11.9866 
580000 -11.9922 
581000 -11.9977 
582000 -12.0033 
583000 -12.0089 
584000 -12.0144 
585000 -12.02 
586000 -12.0255 
587000 -12.031 
588000 -12.0365 
589000 -12.042 
590000 -12.0475 
591000 -12.053 
592000 -12.0584 
593000 -12.0639 
594000 -12.0694 
595000 -12.0748 
596000 -12.0802 
597000 -12.0857 
598000 -12.0911 
599000 -12.0965 
600000 -12.1019 
601000 -12.1073 
602000 -12.1127 
603000 -12.118 
604000 -12.1234 
605000 -12.1287 
606000 -12.1341 
607000 -12.1394 
608000 -12.1448 
609000 -12.1501 
610000 -12.1554 
611000 -12.1607 
612000 -12.166 
613000 -12.1713 
614000 -12.1765 
615000 -12.1818 
616000 -12.1871 
617000 -12.1923 
618000 -12.1976 
619000 -12.2028 
620000 -12.208 
621000 -12.2132 
622000 -12.2184 
623000 -12.2236 
624000 -12.2288 
625000 -12.234 
626000 -12.2392 
627000 -12.2444 
628000 -12.2495 
629000 -12.2547 
630000 -12.2598 
631000 -12.2649 
632000 -12.2701 
633000 -12.2752 
634000 -12.2803 
635000 -12.2854 
636000 -12.2905 
637000 -12.2956 
638000 -12.3007 
639000 -12.3057 
640000 -12.3108 
641000 -12.3159 
642000 -12.3209 
643000 -12.3259 
644000 -12.331 
645000 -12.336 
646000 -12.341 
647000 -12.346 
648000 -12.351 
649000 -12.356 
650000 -12.361 
651000 -12.366 
652000 -12.3709 
653000 -12.3759 
654000 -12.3809 
655000 -12.3858 
656000 -12.3908 
657000 -12.3957 
658000 -12.4006 
659000 -12.4055 
660000 -12.4104 
661000 -12.4153 
662000 -12.4202 
663000 -12.4251 
664000 -12.43 
665000 -12.4349 
666000 -12.4397 
667000 -12.4446 
668000 -12.4495 
669000 -12.4543 
670000 -12.4591 
671000 -12.464 
672000 -12.4688 
673000 -12.4736 
674000 -12.4784 
675000 -12.4832 
676000 -12.488 
677000 -12.4928 
678000 -12.4976 
679000 -12.5024 
680000 -12.5071 
681000 -12.5119 
682000 -12.5166 
683000 -12.5214 
684000 -12.5261 
685000 -12.5309 
686000 -12.5356 
687000 -12.5403 
688000 -12.545 
689000 -12.5497 
690000 -12.5544 
691000 -12.5591 
692000 -12.5638 
693000 -12.5685 
694000 -12.5731 
695000 -12.5778 
696000 -12.5825 
697000 -12.5871 
698000 -12.5917 
699000 -12.5964 
700000 -12.601 
701000 -12.6056 
702000 -12.6103 
703000 -12.6149 
704000 -12.6195 
705000 -12.6241 
706000 -12.6287 
707000 -12.6333 
708000 -12.6378 
709000 -12.6424 
710000 -12.647 
711000 -12.6515 
712000 -12.6561 
713000 -12.6606 
714000 -12.6652 
715000 -12.6697 
716000 -12.6742 
717000 -12.6788 
718000 -12.6833 
719000 -12.6878 
720000 -12.6923 
721000 -12.6968 
722000 -12.7013 
723000 -12.7058 
724000 -12.7102 
725000 -12.7147 
726000 -12.7192 
727000 -12.7236 
728000 -12.7281 
729000 -12.7325 
730000 -12.737 
731000 -12.7414 
732000 -12.7458 
733000 -12.7503 
734000 -12.7547 
735000 -12.7591 
736000 -12.7635 
737000 -12.7679 
738000 -12.7723 
739000 -12.7767 
740000 -12.7811 
741000 -12.7854 
742000 -12.7898 
743000 -12.7942 
744000 -12.7985 
745000 -12.8029 
746000 -12.8072 
747000 -12.8116 
748000 -12.8159 
749000 -12.8202 
750000 -12.8246 
751000 -12.8289 
752000 -12.8332 
753000 -12.8375 
754000 -12.8418 
755000 -12.8461 
756000 -12.8504 
757000 -12.8547 
758000 -12.8589 
759000 -12.8632 
760000 -12.8675 
761000 -12.8717 
762000 -12.876 
763000 -12.8802 
764000 -12.8845 
765000 -12.8887 
766000 -12.893 
767000 -12.8972 
768000 -12.9014 
769000 -12.9056 
770000 -12.9098 
771000 -12.9141 
772000 -12.9183 
773000 -12.9224 
774000 -12.9266 
775000 -12.9308 
776000 -12.935 
777000 -12.9392 
778000 -12.9433 
779000 -12.9475 
780000 -12.9517 
781000 -12.9558 
782000 -12.96 
783000 -12.9641 
784000 -12.9682 
785000 -12.9724 
786000 -12.9765 
787000 -12.9806 
788000 -12.9847 
789000 -12.9889 
790000 -12.993 
791000 -12.9971 
792000 -13.0012 
793000 -13.0052 
794000 -13.0093 
795000 -13.0134 
796000 -13.0175 
797000 -13.0216 
798000 -13.0256 
799000 -13.0297 
800000 -13.0337 
801000 -13.0378 
802000 -13.0418 
803000 -13.0459 
804000 -13.0499 
805000 -13.0539 
806000 -13.058 
807000 -13.062 
808000 -13.066 
809000 -13.07 
810000 -13.074 
811000 -13.078 
812000 -13.082 
813000 -13.086 
814000 -13.09 
815000 -13.094 
816000 -13.0979 
817000 -13.1019 
818000 -13.1059 
819000 -13.1098 
820000 -13.1138 
821000 -13.1177 
822000 -13.1217 
823000 -13.1256 
824000 -13.1296 
825000 -13.1335 
826000 -13.1374 
827000 -13.1413 
828000 -13.1453 
829000 -13.1492 
830000 -13.1531 
831000 -13.157 
832000 -13.1609 
833000 -13.1648 
834000 -13.1687 
835000 -13.1726 
836000 -13.1764 
837000 -13.1803 
838000 -13.1842 
839000 -13.1881 
840000 -13.1919 
841000 -13.1958 
842000 -13.1996 
843000 -13.2035 
844000 -13.2073 
845000 -13.2112 
846000 -13.215 
847000 -13.2188 
848000 -13.2226 
849000 -13.2265 
850000 -13.2303 
851000 -13.2341 
852000 -13.2379 
853000 -13.2417 
854000 -13.2455 
855000 -13.2493 
856000 -13.2531 
857000 -13.2569 
858000 -13.2607 
859000 -13.2644 
860000 -13.2682 
861000 -13.272 
862000 -13.2757 
863000 -13.2795 
864000 -13.2833 
865000 -13.287 
866000 -13.2908 
867000 -13.2945 
868000 -13.2982 
869000 -13.302 
870000 -13.3057 
871000 -13.3094 
872000 -13.3131 
873000 -13.3169 
874000 -13.3206 
875000 -13.3243 
876000 -13.328 
877000 -13.3317 
878000 -13.3354 
879000 -13.3391 
880000 -13.3428 
881000 -13.3464 
882000 -13.3501 
883000 -13.3538 
884000 -13.3575 
885000 -13.3611 
886000 -13.3648 
887000 -13.3685 
888000 -13.3721 
889000 -13.3758 
890000 -13.3794 
891000 -13.3831 
892000 -13.3867 
893000 -13.3903 
894000 -13.394 
895000 -13.3976 
896000 -13.4012 
897000 -13.4048 
898000 -13.4084 
899000 -13.412 
900000 -13.4156 
901000 -13.4193 
902000 -13.4228 
903000 -13.4264 
904000 -13.43 
905000 -13.4336 
906000 -13.4372 
907000 -13.4408 
908000 -13.4444 
909000 -13.4479 
910000 -13.4515 
911000 -13.4551 
912000 -13.4586 
913000 -13.4622 
914000 -13.4657 
915000 -13.4693 
916000 -13.4728 
917000 -13.4763 
918000 -13.4799 
919000 -13.4834 
920000 -13.4869 
921000 -13.4905 
922000 -13.494 
923000 -13.4975 
924000 -13.501 
925000 -13.5045 
926000 -13.508 
927000 -13.5115 
928000 -13.515 
929000 -13.5185 
930000 -13.522 
931000 -13.5255 
932000 -13.529 
933000 -13.5325 
934000 -13.5359 
935000 -13.5394 
936000 -13.5429 
937000 -13.5463 
938000 -13.5498 
939000 -13.5532 
940000 -13.5567 
941000 -13.5602 
942000 -13.5636 
943000 -13.567 
944000 -13.5705 
945000 -13.5739 
946000 -13.5773 
947000 -13.5808 
948000 -13.5842 
949000 -13.5876 
950000 -13.591 
951000 -13.5944 
952000 -13.5979 
953000 -13.6013 
954000 -13.6047 
955000 -13.6081 
956000 -13.6115 
957000 -13.6148 
958000 -13.6182 
959000 -13.6216 
960000 -13.625 
961000 -13.6284 
962000 -13.6318 
963000 -13.6351 
964000 -13.6385 
965000 -13.6419 
966000 -13.6452 
967000 -13.6486 
968000 -13.6519 
969000 -13.6553 
970000 -13.6586 
971000 -13.662 
972000 -13.6653 
973000 -13.6686 
974000 -13.672 
975000 -13.6753 
976000 -13.6786 
977000 -13.682 
978000 -13.6853 
979000 -13.6886 
980000 -13.6919 
981000 -13.6952 
982000 -13.6985 
983000 -13.7018 
984000 -13.7051 
985000 -13.7084 
986000 -13.7117 
987000 -13.715 
988000 -13.7183 
989000 -13.7216 
990000 -13.7248 
991000 -13.7281 
992000 -13.7314 
993000 -13.7347 
994000 -13.7379 
995000 -13.7412 
996000 -13.7444 
997000 -13.7477 
998000 -13.751 
999000 -13.7542 
1e+06 -13.7574 
