1000 -20.2963 
2000 -7.34702 
3000 -3.48967 
4000 -1.85594 
5000 -1.06938 
6000 -0.678226 
7000 -0.494512 
8000 -0.427995 
9000 -0.43099 
10000 -0.476513 
11000 -0.548519 
12000 -0.637071 
13000 -0.735828 
14000 -0.840649 
15000 -0.948784 
16000 -1.05838 
17000 -1.16819 
18000 -1.27735 
19000 -1.38528 
20000 -1.49161 
21000 -1.59607 
22000 -1.69851 
23000 -1.79884 
24000 -1.89701 
25000 -1.99302 
26000 -2.08687 
27000 -2.17861 
28000 -2.26827 
29000 -2.3559 
30000 -2.44155 
31000 -2.5253 
32000 -2.60719 
33000 -2.68729 
34000 -2.76567 
35000 -2.84236 
36000 -2.91745 
37000 -2.99097 
38000 -3.063 
39000 -3.13357 
40000 -3.20274 
41000 -3.27056 
42000 -3.33708 
43000 -3.40233 
44000 -3.46637 
45000 -3.52923 
46000 -3.59096 
47000 -3.65159 
48000 -3.71115 
49000 -3.76969 
50000 -3.82723 
51000 -3.88381 
52000 -3.93945 
53000 -3.99419 
54000 -4.04806 
55000 -4.10107 
56000 -4.15325 
57000 -4.20464 
58000 -4.25525 
59000 -4.3051 
60000 -4.35422 
61000 -4.40263 
62000 -4.45034 
63000 -4.49738 
64000 -4.54376 
65000 -4.58951 
66000 -4.63463 
67000 -4.67915 
68000 -4.72308 
69000 -4.76643 
70000 -4.80922 
71000 -4.85147 
72000 -4.89319 
73000 -4.93438 
74000 -4.97507 
75000 -5.01527 
76000 -5.05498 
77000 -5.09422 
78000 -5.13299 
79000 -5.17132 
80000 -5.20921 
81000 -5.24667 
82000 -5.2837 
83000 -5.32033 
84000 -5.35655 
85000 -5.39238 
86000 -5.42782 
87000 -5.46288 
88000 -5.49758 
89000 -5.53191 
90000 -5.56589 
91000 -5.59952 
92000 -5.6328 
93000 -5.66576 
94000 -5.69839 
95000 -5.7307 
96000 -5.76269 
97000 -5.79437 
98000 -5.82575 
99000 -5.85684 
100000 -5.88763 
101000 -5.91814 
102000 -5.94836 
103000 -5.97831 
104000 -6.00799 
105000 -6.0374 
106000 -6.06655 
107000 -6.09544 
108000 -6.12409 
109000 -6.15248 
110000 -6.18063 
111000 -6.20854 
112000 -6.23621 
113000 -6.26365 
114000 -6.29087 
115000 -6.31786 
116000 -6.34463 
117000 -6.37118 
118000 -6.39752 
119000 -6.42365 
120000 -6.44957 
121000 -6.47528 
122000 -6.5008 
123000 -6.52612 
124000 -6.55125 
125000 -6.57618 
126000 -6.60093 
127000 -6.62549 
128000 -6.64986 
129000 -6.67406 
130000 -6.69808 
131000 -6.72192 
132000 -6.74559 
133000 -6.76909 
134000 -6.79243 
135000 -6.8156 
136000 -6.8386 
137000 -6.86144 
138000 -6.88413 
139000 -6.90666 
140000 -6.92904 
141000 -6.95126 
142000 -6.97333 
143000 -6.99526 
144000 -7.01704 
145000 -7.03867 
146000 -7.06016 
147000 -7.08151 
148000 -7.10273 
149000 -7.1238 
150000 -7.14475 
151000 -7.16555 
152000 -7.18623 
153000 -7.20678 
154000 -7.2272 
155000 -7.24749 
156000 -7.26765 
157000 -7.28769 
158000 -7.30761 
159000 -7.32741 
160000 -7.34709 
161000 -7.36666 
162000 -7.3861 
163000 -7.40543 
164000 -7.42465 
165000 -7.44375 
166000 -7.46275 
167000 -7.48163 
168000 -7.5004 
169000 -7.51907 
170000 -7.53763 
171000 -7.55609 
172000 -7.57444 
173000 -7.59269 
174000 -7.61084 
175000 -7.62889 
176000 -7.64684 
177000 -7.66469 
178000 -7.68244 
179000 -7.7001 
180000 -7.71766 
181000 -7.73513 
182000 -7.75251 
183000 -7.76979 
184000 -7.78698 
185000 -7.80409 
186000 -7.8211 
187000 -7.83803 
188000 -7.85486 
189000 -7.87162 
190000 -7.88828 
191000 -7.90486 
192000 -7.92136 
193000 -7.93777 
194000 -7.95411 
195000 -7.97036 
196000 -7.98653 
197000 -8.00262 
198000 -8.01863 
199000 -8.03456 
200000 -8.05042 
201000 -8.0662 
202000 -8.0819 
203000 -8.09753 
204000 -8.11309 
205000 -8.12857 
206000 -8.14397 
207000 -8.15931 
208000 -8.17457 
209000 -8.18976 
210000 -8.20488 
211000 -8.21993 
212000 -8.23492 
213000 -8.24983 
214000 -8.26468 
215000 -8.27945 
216000 -8.29417 
217000 -8.30881 
218000 -8.32339 
219000 -8.33791 
220000 -8.35236 
221000 -8.36675 
222000 -8.38107 
223000 -8.39533 
224000 -8.40953 
225000 -8.42367 
226000 -8.43775 
227000 -8.45176 
228000 -8.46572 
229000 -8.47962 
230000 -8.49346 
231000 -8.50724 
232000 -8.52096 
233000 -8.53462 
234000 -8.54823 
235000 -8.56178 
236000 -8.57527 
237000 -8.58871 
238000 -8.6021 
239000 -8.61543 
240000 -8.6287 
241000 -8.64192 
242000 -8.65509 
243000 -8.6682 
244000 -8.68127 
245000 -8.69428 
246000 -8.70724 
247000 -8.72014 
248000 -8.733 
249000 -8.7458 
250000 -8.75856 
251000 -8.77127 
252000 -8.78392 
253000 -8.79653 
254000 -8.80909 
255000 -8.8216 
256000 -8.83406 
257000 -8.84648 
258000 -8.85885 
259000 -8.87117 
260000 -8.88344 
261000 -8.89567 
262000 -8.90786 
263000 -8.92 
264000 -8.93209 
265000 -8.94414 
266000 -8.95614 
267000 -8.9681 
268000 -8.98002 
269000 -8.99189 
270000 -9.00372 
271000 -9.01551 
272000 -9.02725 
273000 -9.03896 
274000 -9.05062 
275000 -9.06223 
276000 -9.07381 
277000 -9.08535 
278000 -9.09685 
279000 -9.1083 
280000 -9.11972 
281000 -9.13109 
282000 -9.14243 
283000 -9.15373 
284000 -9.16498 
285000 -9.1762 
286000 -9.18738 
287000 -9.19853 
288000 -9.20963 
289000 -9.2207 
290000 -9.23173 
291000 -9.24272 
292000 -9.25368 
293000 -9.26459 
294000 -9.27548 
295000 -9.28632 
296000 -9.29713 
297000 -9.30791 
298000 -9.31865 
299000 -9.32935 
300000 -9.34002 
301000 -9.35065 
302000 -9.36125 
303000 -9.37182 
304000 -9.38235 
305000 -9.39284 
306000 -9.40331 
307000 -9.41374 
308000 -9.42413 
309000 -9.43449 
310000 -9.44482 
311000 -9.45512 
312000 -9.46539 
313000 -9.47562 
314000 -9.48582 
315000 -9.49599 
316000 -9.50613 
317000 -9.51624 
318000 -9.52631 
319000 -9.53635 
320000 -9.54637 
321000 -9.55635 
322000 -9.5663 
323000 -9.57622 
324000 -9.58611 
325000 -9.59598 
326000 -9.60581 
327000 -9.61561 
328000 -9.62538 
329000 -9.63513 
330000 -9.64484 
331000 -9.65453 
332000 -9.66418 
333000 -9.67381 
334000 -9.68341 
335000 -9.69298 
336000 -9.70253 
337000 -9.71204 
338000 -9.72153 
339000 -9.73099 
340000 -9.74043 
341000 -9.74983 
342000 -9.75921 
343000 -9.76856 
344000 -9.77789 
345000 -9.78719 
346000 -9.79646 
347000 -9.80571 
348000 -9.81493 
349000 -9.82412 
350000 -9.83329 
351000 -9.84243 
352000 -9.85155 
353000 -9.86064 
354000 -9.8697 
355000 -9.87875 
356000 -9.88776 
357000 -9.89675 
358000 -9.90572 
359000 -9.91466 
360000 -9.92358 
361000 -9.93247 
362000 -9.94134 
363000 -9.95018 
364000 -9.959 
365000 -9.9678 
366000 -9.97657 
367000 -9.98532 
368000 -9.99405 
369000 -10.0028 
370000 -10.0114 
371000 -10.0201 
372000 -10.0287 
373000 -10.0373 
374000 -10.0459 
375000 -10.0545 
376000 -10.063 
377000 -10.0716 
378000 -10.08 
379000 -10.0885 
380000 -10.097 
381000 -10.1054 
382000 -10.1138 
383000 -10.1222 
384000 -10.1306 
385000 -10.1389 
386000 -10.1473 
387000 -10.1556 
388000 -10.1638 
389000 -10.1721 
390000 -10.1803 
391000 -10.1886 
392000 -10.1968 
393000 -10.2049 
394000 -10.2131 
395000 -10.2212 
396000 -10.2294 
397000 -10.2374 
398000 -10.2455 
399000 -10.2536 
400000 -10.2616 
401000 -10.2696 
402000 -10.2776 
403000 -10.2856 
404000 -10.2936 
405000 -10.3015 
406000 -10.3094 
407000 -10.3173 
408000 -10.3252 
409000 -10.3331 
410000 -10.3409 
411000 -10.3487 
412000 -10.3566 
413000 -10.3643 
414000 -10.3721 
415000 -10.3799 
416000 -10.3876 
417000 -10.3953 
418000 -10.403 
419000 -10.4107 
420000 -10.4183 
421000 -10.426 
422000 -10.4336 
423000 -10.4412 
424000 -10.4488 
425000 -10.4564 
426000 -10.4639 
427000 -10.4715 
428000 -10.479 
429000 -10.4865 
430000 -10.494 
431000 -10.5014 
432000 -10.5089 
433000 -10.5163 
434000 -10.5237 
435000 -10.5311 
436000 -10.5385 
437000 -10.5459 
438000 -10.5532 
439000 -10.5606 
440000 -10.5679 
441000 -10.5752 
442000 -10.5824 
443000 -10.5897 
444000 -10.597 
445000 -10.6042 
446000 -10.6114 
447000 -10.6186 
448000 -10.6258 
449000 -10.633 
450000 -10.6401 
451000 -10.6473 
452000 -10.6544 
453000 -10.6615 
454000 -10.6686 
455000 -10.6757 
456000 -10.6827 
457000 -10.6898 
458000 -10.6968 
459000 -10.7038 
460000 -10.7108 
461000 -10.7178 
462000 -10.7248 
463000 -10.7317 
464000 -10.7387 
465000 -10.7456 
466000 -10.7525 
467000 -10.7594 
468000 -10.7663 
469000 -10.7732 
470000 -10.78 
471000 -10.7869 
472000 -10.7937 
473000 -10.8005 
474000 -10.8073 
475000 -10.8141 
476000 -10.8209 
477000 -10.8276 
478000 -10.8343 
479000 -10.8411 
480000 -10.8478 
481000 -10.8545 
482000 -10.8612 
483000 -10.8678 
484000 -10.8745 
485000 -10.8811 
486000 -10.8878 
487000 -10.8944 
488000 -10.901 
489000 -10.9076 
490000 -10.9142 
491000 -10.9207 
492000 -10.9273 
493000 -10.9338 
494000 -10.9403 
495000 -10.9469 
496000 -10.9533 
497000 -10.9598 
498000 -10.9663 
499000 -10.9728 
500000 -10.9792 
501000 -10.9856 
502000 -10.9921 
503000 -10.9985 
504000 -11.0049 
505000 -11.0113 
506000 -11.0176 
507000 -11.024 
508000 -11.0303 
509000 -11.0367 
510000 -11.043 
511000 -11.0493 
512000 -11.0556 
513000 -11.0619 
514000 -11.0682 
515000 -11.0744 
516000 -11.0807 
517000 -11.0869 
518000 -11.0931 
519000 -11.0993 
520000 -11.1055 
521000 -11.1117 
522000 -11.1179 
523000 -11.1241 
524000 -11.1302 
525000 -11.1364 
526000 -11.1425 
527000 -11.1486 
528000 -11.1547 
529000 -11.1608 
530000 -11.1669 
531000 -11.173 
532000 -11.1791 
533000 -11.1851 
534000 -11.1912 
535000 -11.1972 
536000 -11.2032 
537000 -11.2092 
538000 -11.2152 
539000 -11.2212 
540000 -11.2272 
541000 -11.2331 
542000 -11.2391 
543000 -11.245 
544000 -11.251 
545000 -11.2569 
546000 -11.2628 
547000 -11.2687 
548000 -11.2746 
549000 -11.2804 
550000 -11.2863 
551000 -11.2922 
552000 -11.298 
553000 -11.3038 
554000 -11.3097 
555000 -11.3155 
556000 -11.3213 
557000 -11.3271 
558000 -11.3329 
559000 -11.3386 
560000 -11.3444 
561000 -11.3502 
562000 -11.3559 
563000 -11.3616 
564000 -11.3674 
565000 -11.3731 
566000 -11.3788 
567000 -11.3845 
568000 -11.3901 
569000 -11.3958 
570000 -11.4015 
571000 -11.4071 
572000 -11.4128 
573000 -11.4184 
574000 -11.424 
575000 -11.4296 
576000 -11.4352 
577000 -11.4408 
578000 -11.4464 
579000 -11.452 
580000 -11.4576 
581000 -11.4631 
582000 -11.4687 
583000 -11.4742 
584000 -11.4797 
585000 -11.4853 
586000 -11.4908 
587000 -11.4963 
588000 -11.5018 
589000 -11.5072 
590000 -11.5127 
591000 -11.5182 
592000 -11.5236 
593000 -11.5291 
594000 -11.5345 
595000 -11.5399 
596000 -11.5454 
597000 -11.5508 
598000 -11.5562 
599000 -11.5616 
600000 -11.5669 
601000 -11.5723 
602000 -11.5777 
603000 -11.583 
604000 -11.5884 
605000 -11.5937 
606000 -11.599 
607000 -11.6044 
608000 -11.6097 
609000 -11.615 
610000 -11.6203 
611000 -11.6256 
612000 -11.6308 
613000 -11.6361 
614000 -11.6414 
615000 -11.6466 
616000 -11.6519 
617000 -11.6571 
618000 -11.6623 
619000 -11.6675 
620000 -11.6727 
621000 -11.678 
622000 -11.6831 
623000 -11.6883 
624000 -11.6935 
625000 -11.6987 
626000 -11.7038 
627000 -11.709 
628000 -11.7141 
629000 -11.7193 
630000 -11.7244 
631000 -11.7295 
632000 -11.7346 
633000 -11.7397 
634000 -11.7448 
635000 -11.7499 
636000 -11.755 
637000 -11.7601 
638000 -11.7651 
639000 -11.7702 
640000 -11.7752 
641000 -11.7803 
642000 -11.7853 
643000 -11.7903 
644000 -11.7954 
645000 -11.8004 
646000 -11.8054 
647000 -11.8104 
648000 -11.8153 
649000 -11.8203 
650000 -11.8253 
651000 -11.8303 
652000 -11.8352 
653000 -11.8402 
654000 -11.8451 
655000 -11.85 
656000 -11.855 
657000 -11.8599 
658000 -11.8648 
659000 -11.8697 
660000 -11.8746 
661000 -11.8795 
662000 -11.8844 
663000 -11.8892 
664000 -11.8941 
665000 -11.899 
666000 -11.9038 
667000 -11.9087 
668000 -11.9135 
669000 -11.9183 
670000 -11.9232 
671000 -11.928 
672000 -11.9328 
673000 -11.9376 
674000 -11.9424 
675000 -11.9472 
676000 -11.952 
677000 -11.9567 
678000 -11.9615 
679000 -11.9663 
680000 -11.971 
681000 -11.9758 
682000 -11.9805 
683000 -11.9852 
684000 -11.99 
685000 -11.9947 
686000 -11.9994 
687000 -12.0041 
688000 -12.0088 
689000 -12.0135 
690000 -12.0182 
691000 -12.0228 
692000 -12.0275 
693000 -12.0322 
694000 -12.0368 
695000 -12.0415 
696000 -12.0461 
697000 -12.0508 
698000 -12.0554 
699000 -12.06 
700000 -12.0647 
701000 -12.0693 
702000 -12.0739 
703000 -12.0785 
704000 -12.0831 
705000 -12.0877 
706000 -12.0922 
707000 -12.0968 
708000 -12.1014 
709000 -12.1059 
710000 -12.1105 
711000 -12.115 
712000 -12.1196 
713000 -12.1241 
714000 -12.1286 
715000 -12.1332 
716000 -12.1377 
717000 -12.1422 
718000 -12.1467 
719000 -12.1512 
720000 -12.1557 
721000 -12.1602 
722000 -12.1647 
723000 -12.1691 
724000 -12.1736 
725000 -12.1781 
726000 -12.1825 
727000 -12.187 
728000 -12.1914 
729000 -12.1958 
730000 -12.2003 
731000 -12.2047 
732000 -12.2091 
733000 -12.2135 
734000 -12.2179 
735000 -12.2223 
736000 -12.2267 
737000 -12.2311 
738000 -12.2355 
739000 -12.2399 
740000 -12.2442 
741000 -12.2486 
742000 -12.253 
743000 -12.2573 
744000 -12.2617 
745000 -12.266 
746000 -12.2703 
747000 -12.2747 
748000 -12.279 
749000 -12.2833 
750000 -12.2876 
751000 -12.2919 
752000 -12.2962 
753000 -12.3005 
754000 -12.3048 
755000 -12.3091 
756000 -12.3134 
757000 -12.3177 
758000 -12.3219 
759000 -12.3262 
760000 -12.3305 
761000 -12.3347 
762000 -12.3389 
763000 -12.3432 
764000 -12.3474 
765000 -12.3517 
766000 -12.3559 
767000 -12.3601 
768000 -12.3643 
769000 -12.3685 
770000 -12.3727 
771000 -12.3769 
772000 -12.3811 
773000 -12.3853 
774000 -12.3895 
775000 -12.3936 
776000 -12.3978 
777000 -12.402 
778000 -12.4061 
779000 -12.4103 
780000 -12.4144 
781000 -12.4186 
782000 -12.4227 
783000 -12.4269 
784000 -12.431 
785000 -12.4351 
786000 -12.4392 
787000 -12.4433 
788000 -12.4474 
789000 -12.4515 
790000 -12.4556 
791000 -12.4597 
792000 -12.4638 
793000 -12.4679 
794000 -12.472 
795000 -12.476 
796000 -12.4801 
797000 -12.4842 
798000 -12.4882 
799000 -12.4923 
800000 -12.4963 
801000 -12.5004 
802000 -12.5044 
803000 -12.5084 
804000 -12.5124 
805000 -12.5165 
806000 -12.5205 
807000 -12.5245 
808000 -12.5285 
809000 -12.5325 
810000 -12.5365 
811000 -12.5405 
812000 -12.5445 
813000 -12.5485 
814000 -12.5524 
815000 -12.5564 
816000 -12.5604 
817000 -12.5643 
818000 -12.5683 
819000 -12.5722 
820000 -12.5762 
821000 -12.5801 
822000 -12.5841 
823000 -12.588 
824000 -12.5919 
825000 -12.5959 
826000 -12.5998 
827000 -12.6037 
828000 -12.6076 
829000 -12.6115 
830000 -12.6154 
831000 -12.6193 
832000 -12.6232 
833000 -12.6271 
834000 -12.631 
835000 -12.6348 
836000 -12.6387 
837000 -12.6426 
838000 -12.6464 
839000 -12.6503 
840000 -12.6541 
841000 -12.658 
842000 -12.6618 
843000 -12.6657 
844000 -12.6695 
845000 -12.6733 
846000 -12.6772 
847000 -12.681 
848000 -12.6848 
849000 -12.6886 
850000 -12.6924 
851000 -12.6962 
852000 -12.7 
853000 -12.7038 
854000 -12.7076 
855000 -12.7114 
856000 -12.7152 
857000 -12.719 
858000 -12.7227 
859000 -12.7265 
860000 -12.7303 
861000 -12.734 
862000 -12.7378 
863000 -12.7415 
864000 -12.7453 
865000 -12.749 
866000 -12.7528 
867000 -12.7565 
868000 -12.7602 
869000 -12.764 
870000 -12.7677 
871000 -12.7714 
872000 -12.7751 
873000 -12.7788 
874000 -12.7825 
875000 -12.7862 
876000 -12.7899 
877000 -12.7936 
878000 -12.7973 
879000 -12.801 
880000 -12.8047 
881000 -12.8084 
882000 -12.812 
883000 -12.8157 
884000 -12.8194 
885000 -12.823 
886000 -12.8267 
887000 -12.8303 
888000 -12.834 
889000 -12.8376 
890000 -12.8412 
891000 -12.8449 
892000 -12.8485 
893000 -12.8521 
894000 -12.8558 
895000 -12.8594 
896000 -12.863 
897000 -12.8666 
898000 -12.8702 
899000 -12.8738 
900000 -12.8774 
901000 -12.881 
902000 -12.8846 
903000 -12.8882 
904000 -12.8918 
905000 -12.8953 
906000 -12.8989 
907000 -12.9025 
908000 -12.9061 
909000 -12.9096 
910000 -12.9132 
911000 -12.9167 
912000 -12.9203 
913000 -12.9238 
914000 -12.9274 
915000 -12.9309 
916000 -12.9345 
917000 -12.938 
918000 -12.9415 
919000 -12.945 
920000 -12.9486 
921000 -12.9521 
922000 -12.9556 
923000 -12.9591 
924000 -12.9626 
925000 -12.9661 
926000 -12.9696 
927000 -12.9731 
928000 -12.9766 
929000 -12.9801 
930000 -12.9836 
931000 -12.987 
932000 -12.9905 
933000 -12.994 
934000 -12.9975 
935000 -13.0009 
936000 -13.0044 
937000 -13.0078 
938000 -13.0113 
939000 -13.0147 
940000 -13.0182 
941000 -13.0216 
942000 -13.0251 
943000 -13.0285 
944000 -13.0319 
945000 -13.0354 
946000 -13.0388 
947000 -13.0422 
948000 -13.0456 
949000 -13.049 
950000 -13.0524 
951000 -13.0559 
952000 -13.0593 
953000 -13.0627 
954000 -13.0661 
955000 -13.0694 
956000 -13.0728 
957000 -13.0762 
958000 -13.0796 
959000 -13.083 
960000 -13.0864 
961000 -13.0897 
962000 -13.0931 
963000 -13.0965 
964000 -13.0998 
965000 -13.1032 
966000 -13.1065 
967000 -13.1099 
968000 -13.1132 
969000 -13.1166 
970000 -13.1199 
971000 -13.1232 
972000 -13.1266 
973000 -13.1299 
974000 -13.1332 
975000 -13.1366 
976000 -13.1399 
977000 -13.1432 
978000 -13.1465 
979000 -13.1498 
980000 -13.1531 
981000 -13.1564 
982000 -13.1597 
983000 -13.163 
984000 -13.1663 
985000 -13.1696 
986000 -13.1729 
987000 -13.1762 
988000 -13.1795 
989000 -13.1827 
990000 -13.186 
991000 -13.1893 
992000 -13.1925 
993000 -13.1958 
994000 -13.1991 
995000 -13.2023 
996000 -13.2056 
997000 -13.2088 
998000 -13.2121 
999000 -13.2153 
1e+06 -13.2186 
