1000 -27.1761 
2000 -9.79106 
3000 -4.56628 
4000 -2.27277 
5000 -1.09735 
6000 -0.450382 
7000 -0.086445 
8000 0.113131 
9000 0.211819 
10000 0.246108 
11000 0.238134 
12000 0.201897 
13000 0.146547 
14000 0.078223 
15000 0.00113685 
16000 -0.081775 
17000 -0.168434 
18000 -0.257351 
19000 -0.347456 
20000 -0.437967 
21000 -0.528321 
22000 -0.618105 
23000 -0.707021 
24000 -0.794856 
25000 -0.881459 
26000 -0.966727 
27000 -1.05059 
28000 -1.13301 
29000 -1.21396 
30000 -1.29344 
31000 -1.37146 
32000 -1.44802 
33000 -1.52316 
34000 -1.59689 
35000 -1.66924 
36000 -1.74024 
37000 -1.80994 
38000 -1.87835 
39000 -1.94552 
40000 -2.01148 
41000 -2.07625 
42000 -2.13989 
43000 -2.20241 
44000 -2.26385 
45000 -2.32424 
46000 -2.38362 
47000 -2.442 
48000 -2.49943 
49000 -2.55592 
50000 -2.61151 
51000 -2.66621 
52000 -2.72006 
53000 -2.77308 
54000 -2.82529 
55000 -2.87672 
56000 -2.92738 
57000 -2.9773 
58000 -3.0265 
59000 -3.07499 
60000 -3.1228 
61000 -3.16995 
62000 -3.21644 
63000 -3.2623 
64000 -3.30754 
65000 -3.35219 
66000 -3.39625 
67000 -3.43973 
68000 -3.48267 
69000 -3.52505 
70000 -3.56691 
71000 -3.60825 
72000 -3.64908 
73000 -3.68942 
74000 -3.72928 
75000 -3.76866 
76000 -3.80759 
77000 -3.84607 
78000 -3.8841 
79000 -3.92171 
80000 -3.95889 
81000 -3.99566 
82000 -4.03203 
83000 -4.06801 
84000 -4.1036 
85000 -4.1388 
86000 -4.17364 
87000 -4.20812 
88000 -4.24224 
89000 -4.27601 
90000 -4.30945 
91000 -4.34254 
92000 -4.37531 
93000 -4.40775 
94000 -4.43988 
95000 -4.4717 
96000 -4.50322 
97000 -4.53444 
98000 -4.56536 
99000 -4.596 
100000 -4.62636 
101000 -4.65644 
102000 -4.68624 
103000 -4.71578 
104000 -4.74506 
105000 -4.77407 
106000 -4.80284 
107000 -4.83135 
108000 -4.85962 
109000 -4.88765 
110000 -4.91544 
111000 -4.943 
112000 -4.97033 
113000 -4.99744 
114000 -5.02432 
115000 -5.05098 
116000 -5.07743 
117000 -5.10367 
118000 -5.1297 
119000 -5.15553 
120000 -5.18115 
121000 -5.20658 
122000 -5.23181 
123000 -5.25685 
124000 -5.28169 
125000 -5.30635 
126000 -5.33083 
127000 -5.35513 
128000 -5.37924 
129000 -5.40318 
130000 -5.42695 
131000 -5.45055 
132000 -5.47398 
133000 -5.49724 
134000 -5.52033 
135000 -5.54327 
136000 -5.56605 
137000 -5.58867 
138000 -5.61113 
139000 -5.63344 
140000 -5.6556 
141000 -5.67761 
142000 -5.69948 
143000 -5.72119 
144000 -5.74277 
145000 -5.7642 
146000 -5.7855 
147000 -5.80666 
148000 -5.82768 
149000 -5.84857 
150000 -5.86932 
151000 -5.88995 
152000 -5.91044 
153000 -5.93081 
154000 -5.95105 
155000 -5.97117 
156000 -5.99116 
157000 -6.01103 
158000 -6.03079 
159000 -6.05042 
160000 -6.06994 
161000 -6.08934 
162000 -6.10863 
163000 -6.1278 
164000 -6.14686 
165000 -6.16581 
166000 -6.18465 
167000 -6.20339 
168000 -6.22202 
169000 -6.24054 
170000 -6.25896 
171000 -6.27727 
172000 -6.29548 
173000 -6.31359 
174000 -6.3316 
175000 -6.34952 
176000 -6.36733 
177000 -6.38505 
178000 -6.40267 
179000 -6.4202 
180000 -6.43764 
181000 -6.45498 
182000 -6.47223 
183000 -6.48939 
184000 -6.50646 
185000 -6.52344 
186000 -6.54034 
187000 -6.55715 
188000 -6.57387 
189000 -6.5905 
190000 -6.60706 
191000 -6.62352 
192000 -6.63991 
193000 -6.65621 
194000 -6.67244 
195000 -6.68858 
196000 -6.70464 
197000 -6.72063 
198000 -6.73653 
199000 -6.75236 
200000 -6.76812 
201000 -6.78379 
202000 -6.7994 
203000 -6.81493 
204000 -6.83038 
205000 -6.84576 
206000 -6.86107 
207000 -6.87631 
208000 -6.89148 
209000 -6.90658 
210000 -6.92161 
211000 -6.93657 
212000 -6.95146 
213000 -6.96628 
214000 -6.98104 
215000 -6.99573 
216000 -7.01035 
217000 -7.02491 
218000 -7.03941 
219000 -7.05384 
220000 -7.0682 
221000 -7.08251 
222000 -7.09675 
223000 -7.11093 
224000 -7.12505 
225000 -7.1391 
226000 -7.1531 
227000 -7.16704 
228000 -7.18092 
229000 -7.19474 
230000 -7.2085 
231000 -7.2222 
232000 -7.23585 
233000 -7.24943 
234000 -7.26297 
235000 -7.27644 
236000 -7.28987 
237000 -7.30323 
238000 -7.31654 
239000 -7.3298 
240000 -7.34301 
241000 -7.35616 
242000 -7.36926 
243000 -7.3823 
244000 -7.3953 
245000 -7.40824 
246000 -7.42113 
247000 -7.43397 
248000 -7.44676 
249000 -7.4595 
250000 -7.47219 
251000 -7.48483 
252000 -7.49743 
253000 -7.50997 
254000 -7.52247 
255000 -7.53491 
256000 -7.54732 
257000 -7.55967 
258000 -7.57198 
259000 -7.58424 
260000 -7.59645 
261000 -7.60862 
262000 -7.62075 
263000 -7.63283 
264000 -7.64486 
265000 -7.65685 
266000 -7.6688 
267000 -7.68071 
268000 -7.69257 
269000 -7.70438 
270000 -7.71616 
271000 -7.72789 
272000 -7.73958 
273000 -7.75123 
274000 -7.76283 
275000 -7.7744 
276000 -7.78593 
277000 -7.79741 
278000 -7.80885 
279000 -7.82026 
280000 -7.83162 
281000 -7.84295 
282000 -7.85423 
283000 -7.86548 
284000 -7.87669 
285000 -7.88786 
286000 -7.89899 
287000 -7.91008 
288000 -7.92114 
289000 -7.93216 
290000 -7.94314 
291000 -7.95408 
292000 -7.96499 
293000 -7.97586 
294000 -7.9867 
295000 -7.9975 
296000 -8.00826 
297000 -8.01899 
298000 -8.02968 
299000 -8.04034 
300000 -8.05097 
301000 -8.06156 
302000 -8.07211 
303000 -8.08263 
304000 -8.09312 
305000 -8.10357 
306000 -8.11399 
307000 -8.12438 
308000 -8.13473 
309000 -8.14505 
310000 -8.15534 
311000 -8.1656 
312000 -8.17582 
313000 -8.18601 
314000 -8.19618 
315000 -8.2063 
316000 -8.2164 
317000 -8.22647 
318000 -8.2365 
319000 -8.24651 
320000 -8.25648 
321000 -8.26642 
322000 -8.27634 
323000 -8.28622 
324000 -8.29607 
325000 -8.3059 
326000 -8.31569 
327000 -8.32546 
328000 -8.33519 
329000 -8.3449 
330000 -8.35458 
331000 -8.36423 
332000 -8.37385 
333000 -8.38344 
334000 -8.393 
335000 -8.40254 
336000 -8.41205 
337000 -8.42153 
338000 -8.43098 
339000 -8.44041 
340000 -8.44981 
341000 -8.45918 
342000 -8.46852 
343000 -8.47784 
344000 -8.48713 
345000 -8.4964 
346000 -8.50564 
347000 -8.51485 
348000 -8.52404 
349000 -8.5332 
350000 -8.54233 
351000 -8.55144 
352000 -8.56053 
353000 -8.56959 
354000 -8.57862 
355000 -8.58763 
356000 -8.59661 
357000 -8.60557 
358000 -8.61451 
359000 -8.62342 
360000 -8.63231 
361000 -8.64117 
362000 -8.65001 
363000 -8.65882 
364000 -8.66761 
365000 -8.67638 
366000 -8.68512 
367000 -8.69384 
368000 -8.70254 
369000 -8.71121 
370000 -8.71986 
371000 -8.72849 
372000 -8.73709 
373000 -8.74568 
374000 -8.75424 
375000 -8.76277 
376000 -8.77129 
377000 -8.77978 
378000 -8.78825 
379000 -8.7967 
380000 -8.80513 
381000 -8.81353 
382000 -8.82191 
383000 -8.83028 
384000 -8.83862 
385000 -8.84694 
386000 -8.85523 
387000 -8.86351 
388000 -8.87177 
389000 -8.88 
390000 -8.88822 
391000 -8.89641 
392000 -8.90458 
393000 -8.91274 
394000 -8.92087 
395000 -8.92898 
396000 -8.93707 
397000 -8.94515 
398000 -8.9532 
399000 -8.96123 
400000 -8.96924 
401000 -8.97724 
402000 -8.98521 
403000 -8.99316 
404000 -9.0011 
405000 -9.00901 
406000 -9.01691 
407000 -9.02479 
408000 -9.03264 
409000 -9.04048 
410000 -9.0483 
411000 -9.05611 
412000 -9.06389 
413000 -9.07165 
414000 -9.0794 
415000 -9.08713 
416000 -9.09484 
417000 -9.10253 
418000 -9.1102 
419000 -9.11785 
420000 -9.12549 
421000 -9.13311 
422000 -9.14071 
423000 -9.1483 
424000 -9.15586 
425000 -9.16341 
426000 -9.17094 
427000 -9.17845 
428000 -9.18595 
429000 -9.19343 
430000 -9.20089 
431000 -9.20834 
432000 -9.21577 
433000 -9.22318 
434000 -9.23057 
435000 -9.23795 
436000 -9.24531 
437000 -9.25265 
438000 -9.25998 
439000 -9.26729 
440000 -9.27459 
441000 -9.28187 
442000 -9.28913 
443000 -9.29638 
444000 -9.30361 
445000 -9.31082 
446000 -9.31802 
447000 -9.3252 
448000 -9.33237 
449000 -9.33952 
450000 -9.34666 
451000 -9.35378 
452000 -9.36088 
453000 -9.36797 
454000 -9.37504 
455000 -9.3821 
456000 -9.38914 
457000 -9.39617 
458000 -9.40318 
459000 -9.41018 
460000 -9.41716 
461000 -9.42413 
462000 -9.43108 
463000 -9.43802 
464000 -9.44494 
465000 -9.45185 
466000 -9.45875 
467000 -9.46563 
468000 -9.47249 
469000 -9.47934 
470000 -9.48618 
471000 -9.493 
472000 -9.49981 
473000 -9.5066 
474000 -9.51338 
475000 -9.52014 
476000 -9.52689 
477000 -9.53363 
478000 -9.54035 
479000 -9.54706 
480000 -9.55376 
481000 -9.56044 
482000 -9.56711 
483000 -9.57376 
484000 -9.58041 
485000 -9.58703 
486000 -9.59365 
487000 -9.60025 
488000 -9.60683 
489000 -9.61341 
490000 -9.61997 
491000 -9.62652 
492000 -9.63305 
493000 -9.63957 
494000 -9.64608 
495000 -9.65258 
496000 -9.65906 
497000 -9.66553 
498000 -9.67198 
499000 -9.67843 
500000 -9.68486 
501000 -9.69128 
502000 -9.69768 
503000 -9.70408 
504000 -9.71046 
505000 -9.71683 
506000 -9.72318 
507000 -9.72953 
508000 -9.73586 
509000 -9.74218 
510000 -9.74848 
511000 -9.75478 
512000 -9.76106 
513000 -9.76733 
514000 -9.77359 
515000 -9.77984 
516000 -9.78607 
517000 -9.79229 
518000 -9.7985 
519000 -9.8047 
520000 -9.81089 
521000 -9.81706 
522000 -9.82323 
523000 -9.82938 
524000 -9.83552 
525000 -9.84165 
526000 -9.84777 
527000 -9.85387 
528000 -9.85997 
529000 -9.86605 
530000 -9.87212 
531000 -9.87818 
532000 -9.88423 
533000 -9.89027 
534000 -9.8963 
535000 -9.90231 
536000 -9.90832 
537000 -9.91431 
538000 -9.92029 
539000 -9.92626 
540000 -9.93222 
541000 -9.93817 
542000 -9.94411 
543000 -9.95004 
544000 -9.95596 
545000 -9.96187 
546000 -9.96776 
547000 -9.97365 
548000 -9.97952 
549000 -9.98539 
550000 -9.99124 
551000 -9.99708 
552000 -10.0029 
553000 -10.0087 
554000 -10.0145 
555000 -10.0203 
556000 -10.0261 
557000 -10.0319 
558000 -10.0377 
559000 -10.0435 
560000 -10.0492 
561000 -10.0549 
562000 -10.0607 
563000 -10.0664 
564000 -10.0721 
565000 -10.0778 
566000 -10.0835 
567000 -10.0892 
568000 -10.0948 
569000 -10.1005 
570000 -10.1062 
571000 -10.1118 
572000 -10.1174 
573000 -10.123 
574000 -10.1287 
575000 -10.1343 
576000 -10.1399 
577000 -10.1454 
578000 -10.151 
579000 -10.1566 
580000 -10.1621 
581000 -10.1677 
582000 -10.1732 
583000 -10.1787 
584000 -10.1842 
585000 -10.1898 
586000 -10.1953 
587000 -10.2007 
588000 -10.2062 
589000 -10.2117 
590000 -10.2172 
591000 -10.2226 
592000 -10.228 
593000 -10.2335 
594000 -10.2389 
595000 -10.2443 
596000 -10.2497 
597000 -10.2551 
598000 -10.2605 
599000 -10.2659 
600000 -10.2713 
601000 -10.2766 
602000 -10.282 
603000 -10.2873 
604000 -10.2927 
605000 -10.298 
606000 -10.3033 
607000 -10.3086 
608000 -10.3139 
609000 -10.3192 
610000 -10.3245 
611000 -10.3298 
612000 -10.335 
613000 -10.3403 
614000 -10.3455 
615000 -10.3508 
616000 -10.356 
617000 -10.3612 
618000 -10.3665 
619000 -10.3717 
620000 -10.3769 
621000 -10.3821 
622000 -10.3872 
623000 -10.3924 
624000 -10.3976 
625000 -10.4027 
626000 -10.4079 
627000 -10.413 
628000 -10.4182 
629000 -10.4233 
630000 -10.4284 
631000 -10.4335 
632000 -10.4386 
633000 -10.4437 
634000 -10.4488 
635000 -10.4539 
636000 -10.459 
637000 -10.464 
638000 -10.4691 
639000 -10.4741 
640000 -10.4792 
641000 -10.4842 
642000 -10.4892 
643000 -10.4942 
644000 -10.4992 
645000 -10.5042 
646000 -10.5092 
647000 -10.5142 
648000 -10.5192 
649000 -10.5242 
650000 -10.5291 
651000 -10.5341 
652000 -10.539 
653000 -10.544 
654000 -10.5489 
655000 -10.5538 
656000 -10.5587 
657000 -10.5636 
658000 -10.5685 
659000 -10.5734 
660000 -10.5783 
661000 -10.5832 
662000 -10.5881 
663000 -10.593 
664000 -10.5978 
665000 -10.6027 
666000 -10.6075 
667000 -10.6123 
668000 -10.6172 
669000 -10.622 
670000 -10.6268 
671000 -10.6316 
672000 -10.6364 
673000 -10.6412 
674000 -10.646 
675000 -10.6508 
676000 -10.6556 
677000 -10.6603 
678000 -10.6651 
679000 -10.6698 
680000 -10.6746 
681000 -10.6793 
682000 -10.684 
683000 -10.6888 
684000 -10.6935 
685000 -10.6982 
686000 -10.7029 
687000 -10.7076 
688000 -10.7123 
689000 -10.717 
690000 -10.7217 
691000 -10.7263 
692000 -10.731 
693000 -10.7356 
694000 -10.7403 
695000 -10.7449 
696000 -10.7496 
697000 -10.7542 
698000 -10.7588 
699000 -10.7634 
700000 -10.7681 
701000 -10.7727 
702000 -10.7773 
703000 -10.7818 
704000 -10.7864 
705000 -10.791 
706000 -10.7956 
707000 -10.8002 
708000 -10.8047 
709000 -10.8093 
710000 -10.8138 
711000 -10.8184 
712000 -10.8229 
713000 -10.8274 
714000 -10.8319 
715000 -10.8364 
716000 -10.841 
717000 -10.8455 
718000 -10.85 
719000 -10.8544 
720000 -10.8589 
721000 -10.8634 
722000 -10.8679 
723000 -10.8723 
724000 -10.8768 
725000 -10.8813 
726000 -10.8857 
727000 -10.8901 
728000 -10.8946 
729000 -10.899 
730000 -10.9034 
731000 -10.9079 
732000 -10.9123 
733000 -10.9167 
734000 -10.9211 
735000 -10.9255 
736000 -10.9298 
737000 -10.9342 
738000 -10.9386 
739000 -10.943 
740000 -10.9473 
741000 -10.9517 
742000 -10.956 
743000 -10.9604 
744000 -10.9647 
745000 -10.9691 
746000 -10.9734 
747000 -10.9777 
748000 -10.982 
749000 -10.9864 
750000 -10.9907 
751000 -10.995 
752000 -10.9993 
753000 -11.0035 
754000 -11.0078 
755000 -11.0121 
756000 -11.0164 
757000 -11.0206 
758000 -11.0249 
759000 -11.0292 
760000 -11.0334 
761000 -11.0377 
762000 -11.0419 
763000 -11.0461 
764000 -11.0504 
765000 -11.0546 
766000 -11.0588 
767000 -11.063 
768000 -11.0672 
769000 -11.0714 
770000 -11.0756 
771000 -11.0798 
772000 -11.084 
773000 -11.0882 
774000 -11.0923 
775000 -11.0965 
776000 -11.1007 
777000 -11.1048 
778000 -11.109 
779000 -11.1131 
780000 -11.1173 
781000 -11.1214 
782000 -11.1255 
783000 -11.1297 
784000 -11.1338 
785000 -11.1379 
786000 -11.142 
787000 -11.1461 
788000 -11.1502 
789000 -11.1543 
790000 -11.1584 
791000 -11.1625 
792000 -11.1666 
793000 -11.1706 
794000 -11.1747 
795000 -11.1788 
796000 -11.1828 
797000 -11.1869 
798000 -11.1909 
799000 -11.195 
800000 -11.199 
801000 -11.2031 
802000 -11.2071 
803000 -11.2111 
804000 -11.2151 
805000 -11.2191 
806000 -11.2231 
807000 -11.2272 
808000 -11.2312 
809000 -11.2351 
810000 -11.2391 
811000 -11.2431 
812000 -11.2471 
813000 -11.2511 
814000 -11.255 
815000 -11.259 
816000 -11.263 
817000 -11.2669 
818000 -11.2709 
819000 -11.2748 
820000 -11.2788 
821000 -11.2827 
822000 -11.2866 
823000 -11.2906 
824000 -11.2945 
825000 -11.2984 
826000 -11.3023 
827000 -11.3062 
828000 -11.3101 
829000 -11.314 
830000 -11.3179 
831000 -11.3218 
832000 -11.3257 
833000 -11.3296 
834000 -11.3335 
835000 -11.3373 
836000 -11.3412 
837000 -11.3451 
838000 -11.3489 
839000 -11.3528 
840000 -11.3566 
841000 -11.3605 
842000 -11.3643 
843000 -11.3681 
844000 -11.372 
845000 -11.3758 
846000 -11.3796 
847000 -11.3834 
848000 -11.3872 
849000 -11.391 
850000 -11.3948 
851000 -11.3986 
852000 -11.4024 
853000 -11.4062 
854000 -11.41 
855000 -11.4138 
856000 -11.4176 
857000 -11.4213 
858000 -11.4251 
859000 -11.4289 
860000 -11.4326 
861000 -11.4364 
862000 -11.4401 
863000 -11.4439 
864000 -11.4476 
865000 -11.4514 
866000 -11.4551 
867000 -11.4588 
868000 -11.4626 
869000 -11.4663 
870000 -11.47 
871000 -11.4737 
872000 -11.4774 
873000 -11.4811 
874000 -11.4848 
875000 -11.4885 
876000 -11.4922 
877000 -11.4959 
878000 -11.4996 
879000 -11.5033 
880000 -11.5069 
881000 -11.5106 
882000 -11.5143 
883000 -11.5179 
884000 -11.5216 
885000 -11.5252 
886000 -11.5289 
887000 -11.5325 
888000 -11.5362 
889000 -11.5398 
890000 -11.5435 
891000 -11.5471 
892000 -11.5507 
893000 -11.5543 
894000 -11.5579 
895000 -11.5616 
896000 -11.5652 
897000 -11.5688 
898000 -11.5724 
899000 -11.576 
900000 -11.5796 
901000 -11.5832 
902000 -11.5867 
903000 -11.5903 
904000 -11.5939 
905000 -11.5975 
906000 -11.601 
907000 -11.6046 
908000 -11.6082 
909000 -11.6117 
910000 -11.6153 
911000 -11.6188 
912000 -11.6224 
913000 -11.6259 
914000 -11.6295 
915000 -11.633 
916000 -11.6365 
917000 -11.6401 
918000 -11.6436 
919000 -11.6471 
920000 -11.6506 
921000 -11.6541 
922000 -11.6576 
923000 -11.6611 
924000 -11.6646 
925000 -11.6681 
926000 -11.6716 
927000 -11.6751 
928000 -11.6786 
929000 -11.6821 
930000 -11.6856 
931000 -11.6891 
932000 -11.6925 
933000 -11.696 
934000 -11.6995 
935000 -11.7029 
936000 -11.7064 
937000 -11.7098 
938000 -11.7133 
939000 -11.7167 
940000 -11.7202 
941000 -11.7236 
942000 -11.727 
943000 -11.7305 
944000 -11.7339 
945000 -11.7373 
946000 -11.7407 
947000 -11.7441 
948000 -11.7476 
949000 -11.751 
950000 -11.7544 
951000 -11.7578 
952000 -11.7612 
953000 -11.7646 
954000 -11.768 
955000 -11.7714 
956000 -11.7747 
957000 -11.7781 
958000 -11.7815 
959000 -11.7849 
960000 -11.7882 
961000 -11.7916 
962000 -11.795 
963000 -11.7983 
964000 -11.8017 
965000 -11.805 
966000 -11.8084 
967000 -11.8117 
968000 -11.8151 
969000 -11.8184 
970000 -11.8218 
971000 -11.8251 
972000 -11.8284 
973000 -11.8317 
974000 -11.8351 
975000 -11.8384 
976000 -11.8417 
977000 -11.845 
978000 -11.8483 
979000 -11.8516 
980000 -11.8549 
981000 -11.8582 
982000 -11.8615 
983000 -11.8648 
984000 -11.8681 
985000 -11.8714 
986000 -11.8747 
987000 -11.878 
988000 -11.8812 
989000 -11.8845 
990000 -11.8878 
991000 -11.891 
992000 -11.8943 
993000 -11.8976 
994000 -11.9008 
995000 -11.9041 
996000 -11.9073 
997000 -11.9106 
998000 -11.9138 
999000 -11.917 
1e+06 -11.9203 
