1000 -44.2361 
2000 -19.121 
3000 -11.0441 
4000 -7.22896 
5000 -5.08329 
6000 -3.75495 
7000 -2.88397 
8000 -2.29232 
9000 -1.882 
10000 -1.59474 
11000 -1.3939 
12000 -1.25535 
13000 -1.16265 
14000 -1.10429 
15000 -1.07199 
16000 -1.05969 
17000 -1.06287 
18000 -1.07811 
19000 -1.10281 
20000 -1.13493 
21000 -1.1729 
22000 -1.21546 
23000 -1.26164 
24000 -1.31062 
25000 -1.36179 
26000 -1.41462 
27000 -1.4687 
28000 -1.52368 
29000 -1.57929 
30000 -1.6353 
31000 -1.69152 
32000 -1.7478 
33000 -1.80401 
34000 -1.86006 
35000 -1.91585 
36000 -1.97131 
37000 -2.0264 
38000 -2.08106 
39000 -2.13526 
40000 -2.18896 
41000 -2.24215 
42000 -2.29481 
43000 -2.34691 
44000 -2.39847 
45000 -2.44946 
46000 -2.49988 
47000 -2.54974 
48000 -2.59903 
49000 -2.64775 
50000 -2.69591 
51000 -2.74351 
52000 -2.79056 
53000 -2.83705 
54000 -2.88301 
55000 -2.92843 
56000 -2.97332 
57000 -3.01769 
58000 -3.06155 
59000 -3.1049 
60000 -3.14776 
61000 -3.19013 
62000 -3.23201 
63000 -3.27343 
64000 -3.31437 
65000 -3.35487 
66000 -3.39491 
67000 -3.43451 
68000 -3.47369 
69000 -3.51243 
70000 -3.55076 
71000 -3.58868 
72000 -3.6262 
73000 -3.66332 
74000 -3.70005 
75000 -3.7364 
76000 -3.77238 
77000 -3.80799 
78000 -3.84324 
79000 -3.87814 
80000 -3.91269 
81000 -3.94689 
82000 -3.98077 
83000 -4.01431 
84000 -4.04752 
85000 -4.08042 
86000 -4.11301 
87000 -4.14529 
88000 -4.17727 
89000 -4.20895 
90000 -4.24034 
91000 -4.27144 
92000 -4.30226 
93000 -4.3328 
94000 -4.36307 
95000 -4.39308 
96000 -4.42282 
97000 -4.4523 
98000 -4.48152 
99000 -4.5105 
100000 -4.53923 
101000 -4.56771 
102000 -4.59596 
103000 -4.62397 
104000 -4.65175 
105000 -4.6793 
106000 -4.70663 
107000 -4.73374 
108000 -4.76063 
109000 -4.7873 
110000 -4.81377 
111000 -4.84003 
112000 -4.86608 
113000 -4.89193 
114000 -4.91759 
115000 -4.94304 
116000 -4.96831 
117000 -4.99339 
118000 -5.01827 
119000 -5.04298 
120000 -5.0675 
121000 -5.09184 
122000 -5.11601 
123000 -5.14 
124000 -5.16382 
125000 -5.18747 
126000 -5.21096 
127000 -5.23427 
128000 -5.25743 
129000 -5.28043 
130000 -5.30326 
131000 -5.32595 
132000 -5.34847 
133000 -5.37085 
134000 -5.39307 
135000 -5.41515 
136000 -5.43708 
137000 -5.45887 
138000 -5.48051 
139000 -5.50202 
140000 -5.52338 
141000 -5.54461 
142000 -5.56571 
143000 -5.58666 
144000 -5.60749 
145000 -5.62819 
146000 -5.64876 
147000 -5.6692 
148000 -5.68951 
149000 -5.7097 
150000 -5.72977 
151000 -5.74972 
152000 -5.76954 
153000 -5.78925 
154000 -5.80884 
155000 -5.82832 
156000 -5.84768 
157000 -5.86693 
158000 -5.88607 
159000 -5.90509 
160000 -5.92401 
161000 -5.94282 
162000 -5.96152 
163000 -5.98012 
164000 -5.99861 
165000 -6.017 
166000 -6.03529 
167000 -6.05347 
168000 -6.07156 
169000 -6.08954 
170000 -6.10743 
171000 -6.12523 
172000 -6.14292 
173000 -6.16053 
174000 -6.17803 
175000 -6.19545 
176000 -6.21277 
177000 -6.23001 
178000 -6.24715 
179000 -6.26421 
180000 -6.28117 
181000 -6.29805 
182000 -6.31484 
183000 -6.33155 
184000 -6.34817 
185000 -6.36471 
186000 -6.38117 
187000 -6.39755 
188000 -6.41384 
189000 -6.43005 
190000 -6.44618 
191000 -6.46224 
192000 -6.47821 
193000 -6.49411 
194000 -6.50994 
195000 -6.52568 
196000 -6.54135 
197000 -6.55695 
198000 -6.57247 
199000 -6.58792 
200000 -6.6033 
201000 -6.6186 
202000 -6.63384 
203000 -6.649 
204000 -6.6641 
205000 -6.67912 
206000 -6.69408 
207000 -6.70897 
208000 -6.72379 
209000 -6.73854 
210000 -6.75323 
211000 -6.76785 
212000 -6.78241 
213000 -6.79691 
214000 -6.81134 
215000 -6.8257 
216000 -6.84001 
217000 -6.85425 
218000 -6.86843 
219000 -6.88255 
220000 -6.8966 
221000 -6.9106 
222000 -6.92454 
223000 -6.93842 
224000 -6.95224 
225000 -6.96601 
226000 -6.97971 
227000 -6.99336 
228000 -7.00695 
229000 -7.02049 
230000 -7.03397 
231000 -7.04739 
232000 -7.06076 
233000 -7.07408 
234000 -7.08734 
235000 -7.10054 
236000 -7.1137 
237000 -7.1268 
238000 -7.13985 
239000 -7.15285 
240000 -7.1658 
241000 -7.17869 
242000 -7.19154 
243000 -7.20433 
244000 -7.21708 
245000 -7.22977 
246000 -7.24242 
247000 -7.25502 
248000 -7.26757 
249000 -7.28007 
250000 -7.29252 
251000 -7.30493 
252000 -7.31729 
253000 -7.3296 
254000 -7.34187 
255000 -7.35409 
256000 -7.36627 
257000 -7.3784 
258000 -7.39048 
259000 -7.40252 
260000 -7.41452 
261000 -7.42647 
262000 -7.43838 
263000 -7.45025 
264000 -7.46207 
265000 -7.47385 
266000 -7.48559 
267000 -7.49729 
268000 -7.50895 
269000 -7.52056 
270000 -7.53213 
271000 -7.54366 
272000 -7.55515 
273000 -7.56661 
274000 -7.57802 
275000 -7.58939 
276000 -7.60072 
277000 -7.61201 
278000 -7.62327 
279000 -7.63448 
280000 -7.64566 
281000 -7.6568 
282000 -7.6679 
283000 -7.67896 
284000 -7.68999 
285000 -7.70098 
286000 -7.71193 
287000 -7.72284 
288000 -7.73372 
289000 -7.74457 
290000 -7.75537 
291000 -7.76614 
292000 -7.77688 
293000 -7.78758 
294000 -7.79825 
295000 -7.80888 
296000 -7.81948 
297000 -7.83004 
298000 -7.84057 
299000 -7.85106 
300000 -7.86152 
301000 -7.87195 
302000 -7.88235 
303000 -7.89271 
304000 -7.90304 
305000 -7.91333 
306000 -7.9236 
307000 -7.93383 
308000 -7.94403 
309000 -7.9542 
310000 -7.96433 
311000 -7.97444 
312000 -7.98451 
313000 -7.99456 
314000 -8.00457 
315000 -8.01455 
316000 -8.0245 
317000 -8.03442 
318000 -8.04431 
319000 -8.05417 
320000 -8.06401 
321000 -8.07381 
322000 -8.08358 
323000 -8.09332 
324000 -8.10304 
325000 -8.11272 
326000 -8.12238 
327000 -8.13201 
328000 -8.14161 
329000 -8.15118 
330000 -8.16073 
331000 -8.17024 
332000 -8.17973 
333000 -8.18919 
334000 -8.19863 
335000 -8.20803 
336000 -8.21741 
337000 -8.22677 
338000 -8.23609 
339000 -8.24539 
340000 -8.25466 
341000 -8.26391 
342000 -8.27313 
343000 -8.28233 
344000 -8.29149 
345000 -8.30064 
346000 -8.30976 
347000 -8.31885 
348000 -8.32791 
349000 -8.33696 
350000 -8.34597 
351000 -8.35497 
352000 -8.36393 
353000 -8.37288 
354000 -8.38179 
355000 -8.39069 
356000 -8.39956 
357000 -8.4084 
358000 -8.41723 
359000 -8.42602 
360000 -8.4348 
361000 -8.44355 
362000 -8.45228 
363000 -8.46098 
364000 -8.46966 
365000 -8.47832 
366000 -8.48696 
367000 -8.49557 
368000 -8.50416 
369000 -8.51273 
370000 -8.52127 
371000 -8.52979 
372000 -8.53829 
373000 -8.54677 
374000 -8.55523 
375000 -8.56366 
376000 -8.57207 
377000 -8.58047 
378000 -8.58883 
379000 -8.59718 
380000 -8.60551 
381000 -8.61382 
382000 -8.6221 
383000 -8.63036 
384000 -8.63861 
385000 -8.64683 
386000 -8.65503 
387000 -8.66321 
388000 -8.67137 
389000 -8.67951 
390000 -8.68763 
391000 -8.69573 
392000 -8.70381 
393000 -8.71187 
394000 -8.71991 
395000 -8.72793 
396000 -8.73593 
397000 -8.74391 
398000 -8.75187 
399000 -8.75981 
400000 -8.76773 
401000 -8.77564 
402000 -8.78352 
403000 -8.79138 
404000 -8.79923 
405000 -8.80706 
406000 -8.81487 
407000 -8.82266 
408000 -8.83043 
409000 -8.83818 
410000 -8.84592 
411000 -8.85363 
412000 -8.86133 
413000 -8.86901 
414000 -8.87667 
415000 -8.88432 
416000 -8.89194 
417000 -8.89955 
418000 -8.90714 
419000 -8.91471 
420000 -8.92227 
421000 -8.92981 
422000 -8.93733 
423000 -8.94483 
424000 -8.95232 
425000 -8.95979 
426000 -8.96724 
427000 -8.97467 
428000 -8.98209 
429000 -8.98949 
430000 -8.99688 
431000 -9.00424 
432000 -9.01159 
433000 -9.01893 
434000 -9.02625 
435000 -9.03355 
436000 -9.04083 
437000 -9.0481 
438000 -9.05536 
439000 -9.06259 
440000 -9.06981 
441000 -9.07702 
442000 -9.08421 
443000 -9.09138 
444000 -9.09854 
445000 -9.10568 
446000 -9.11281 
447000 -9.11992 
448000 -9.12701 
449000 -9.13409 
450000 -9.14116 
451000 -9.14821 
452000 -9.15524 
453000 -9.16226 
454000 -9.16926 
455000 -9.17625 
456000 -9.18323 
457000 -9.19018 
458000 -9.19713 
459000 -9.20406 
460000 -9.21097 
461000 -9.21787 
462000 -9.22476 
463000 -9.23163 
464000 -9.23849 
465000 -9.24533 
466000 -9.25216 
467000 -9.25897 
468000 -9.26577 
469000 -9.27255 
470000 -9.27933 
471000 -9.28608 
472000 -9.29283 
473000 -9.29956 
474000 -9.30627 
475000 -9.31297 
476000 -9.31966 
477000 -9.32633 
478000 -9.33299 
479000 -9.33964 
480000 -9.34627 
481000 -9.35289 
482000 -9.3595 
483000 -9.36609 
484000 -9.37267 
485000 -9.37924 
486000 -9.38579 
487000 -9.39233 
488000 -9.39886 
489000 -9.40538 
490000 -9.41188 
491000 -9.41837 
492000 -9.42484 
493000 -9.4313 
494000 -9.43775 
495000 -9.44419 
496000 -9.45061 
497000 -9.45703 
498000 -9.46342 
499000 -9.46981 
500000 -9.47619 
501000 -9.48255 
502000 -9.4889 
503000 -9.49523 
504000 -9.50156 
505000 -9.50787 
506000 -9.51417 
507000 -9.52046 
508000 -9.52673 
509000 -9.533 
510000 -9.53925 
511000 -9.54549 
512000 -9.55172 
513000 -9.55793 
514000 -9.56414 
515000 -9.57033 
516000 -9.57651 
517000 -9.58268 
518000 -9.58884 
519000 -9.59498 
520000 -9.60112 
521000 -9.60724 
522000 -9.61335 
523000 -9.61945 
524000 -9.62554 
525000 -9.63162 
526000 -9.63768 
527000 -9.64374 
528000 -9.64978 
529000 -9.65581 
530000 -9.66183 
531000 -9.66784 
532000 -9.67384 
533000 -9.67983 
534000 -9.68581 
535000 -9.69177 
536000 -9.69773 
537000 -9.70367 
538000 -9.7096 
539000 -9.71553 
540000 -9.72144 
541000 -9.72734 
542000 -9.73323 
543000 -9.73911 
544000 -9.74498 
545000 -9.75084 
546000 -9.75669 
547000 -9.76252 
548000 -9.76835 
549000 -9.77417 
550000 -9.77997 
551000 -9.78577 
552000 -9.79156 
553000 -9.79733 
554000 -9.8031 
555000 -9.80885 
556000 -9.8146 
557000 -9.82033 
558000 -9.82606 
559000 -9.83177 
560000 -9.83748 
561000 -9.84317 
562000 -9.84886 
563000 -9.85453 
564000 -9.8602 
565000 -9.86585 
566000 -9.8715 
567000 -9.87713 
568000 -9.88276 
569000 -9.88838 
570000 -9.89398 
571000 -9.89958 
572000 -9.90517 
573000 -9.91074 
574000 -9.91631 
575000 -9.92187 
576000 -9.92742 
577000 -9.93296 
578000 -9.93849 
579000 -9.94401 
580000 -9.94952 
581000 -9.95503 
582000 -9.96052 
583000 -9.966 
584000 -9.97148 
585000 -9.97695 
586000 -9.9824 
587000 -9.98785 
588000 -9.99329 
589000 -9.99872 
590000 -10.0041 
591000 -10.0095 
592000 -10.015 
593000 -10.0203 
594000 -10.0257 
595000 -10.0311 
596000 -10.0365 
597000 -10.0418 
598000 -10.0472 
599000 -10.0525 
600000 -10.0578 
601000 -10.0632 
602000 -10.0685 
603000 -10.0738 
604000 -10.0791 
605000 -10.0844 
606000 -10.0897 
607000 -10.0949 
608000 -10.1002 
609000 -10.1054 
610000 -10.1107 
611000 -10.1159 
612000 -10.1212 
613000 -10.1264 
614000 -10.1316 
615000 -10.1368 
616000 -10.142 
617000 -10.1472 
618000 -10.1524 
619000 -10.1575 
620000 -10.1627 
621000 -10.1678 
622000 -10.173 
623000 -10.1781 
624000 -10.1833 
625000 -10.1884 
626000 -10.1935 
627000 -10.1986 
628000 -10.2037 
629000 -10.2088 
630000 -10.2139 
631000 -10.2189 
632000 -10.224 
633000 -10.2291 
634000 -10.2341 
635000 -10.2392 
636000 -10.2442 
637000 -10.2492 
638000 -10.2542 
639000 -10.2593 
640000 -10.2643 
641000 -10.2693 
642000 -10.2742 
643000 -10.2792 
644000 -10.2842 
645000 -10.2892 
646000 -10.2941 
647000 -10.2991 
648000 -10.304 
649000 -10.309 
650000 -10.3139 
651000 -10.3188 
652000 -10.3237 
653000 -10.3286 
654000 -10.3335 
655000 -10.3384 
656000 -10.3433 
657000 -10.3482 
658000 -10.353 
659000 -10.3579 
660000 -10.3628 
661000 -10.3676 
662000 -10.3725 
663000 -10.3773 
664000 -10.3821 
665000 -10.3869 
666000 -10.3917 
667000 -10.3966 
668000 -10.4013 
669000 -10.4061 
670000 -10.4109 
671000 -10.4157 
672000 -10.4205 
673000 -10.4252 
674000 -10.43 
675000 -10.4347 
676000 -10.4395 
677000 -10.4442 
678000 -10.4489 
679000 -10.4537 
680000 -10.4584 
681000 -10.4631 
682000 -10.4678 
683000 -10.4725 
684000 -10.4772 
685000 -10.4819 
686000 -10.4865 
687000 -10.4912 
688000 -10.4959 
689000 -10.5005 
690000 -10.5052 
691000 -10.5098 
692000 -10.5144 
693000 -10.5191 
694000 -10.5237 
695000 -10.5283 
696000 -10.5329 
697000 -10.5375 
698000 -10.5421 
699000 -10.5467 
700000 -10.5513 
701000 -10.5558 
702000 -10.5604 
703000 -10.565 
704000 -10.5695 
705000 -10.5741 
706000 -10.5786 
707000 -10.5832 
708000 -10.5877 
709000 -10.5922 
710000 -10.5967 
711000 -10.6012 
712000 -10.6058 
713000 -10.6103 
714000 -10.6147 
715000 -10.6192 
716000 -10.6237 
717000 -10.6282 
718000 -10.6327 
719000 -10.6371 
720000 -10.6416 
721000 -10.646 
722000 -10.6505 
723000 -10.6549 
724000 -10.6593 
725000 -10.6638 
726000 -10.6682 
727000 -10.6726 
728000 -10.677 
729000 -10.6814 
730000 -10.6858 
731000 -10.6902 
732000 -10.6946 
733000 -10.699 
734000 -10.7033 
735000 -10.7077 
736000 -10.7121 
737000 -10.7164 
738000 -10.7208 
739000 -10.7251 
740000 -10.7295 
741000 -10.7338 
742000 -10.7381 
743000 -10.7424 
744000 -10.7468 
745000 -10.7511 
746000 -10.7554 
747000 -10.7597 
748000 -10.764 
749000 -10.7682 
750000 -10.7725 
751000 -10.7768 
752000 -10.7811 
753000 -10.7853 
754000 -10.7896 
755000 -10.7938 
756000 -10.7981 
757000 -10.8023 
758000 -10.8066 
759000 -10.8108 
760000 -10.815 
761000 -10.8192 
762000 -10.8235 
763000 -10.8277 
764000 -10.8319 
765000 -10.8361 
766000 -10.8403 
767000 -10.8445 
768000 -10.8486 
769000 -10.8528 
770000 -10.857 
771000 -10.8612 
772000 -10.8653 
773000 -10.8695 
774000 -10.8736 
775000 -10.8778 
776000 -10.8819 
777000 -10.886 
778000 -10.8902 
779000 -10.8943 
780000 -10.8984 
781000 -10.9025 
782000 -10.9066 
783000 -10.9107 
784000 -10.9148 
785000 -10.9189 
786000 -10.923 
787000 -10.9271 
788000 -10.9312 
789000 -10.9352 
790000 -10.9393 
791000 -10.9434 
792000 -10.9474 
793000 -10.9515 
794000 -10.9555 
795000 -10.9596 
796000 -10.9636 
797000 -10.9676 
798000 -10.9717 
799000 -10.9757 
800000 -10.9797 
801000 -10.9837 
802000 -10.9877 
803000 -10.9917 
804000 -10.9957 
805000 -10.9997 
806000 -11.0037 
807000 -11.0077 
808000 -11.0117 
809000 -11.0156 
810000 -11.0196 
811000 -11.0236 
812000 -11.0275 
813000 -11.0315 
814000 -11.0354 
815000 -11.0394 
816000 -11.0433 
817000 -11.0473 
818000 -11.0512 
819000 -11.0551 
820000 -11.059 
821000 -11.0629 
822000 -11.0669 
823000 -11.0708 
824000 -11.0747 
825000 -11.0786 
826000 -11.0825 
827000 -11.0863 
828000 -11.0902 
829000 -11.0941 
830000 -11.098 
831000 -11.1018 
832000 -11.1057 
833000 -11.1096 
834000 -11.1134 
835000 -11.1173 
836000 -11.1211 
837000 -11.125 
838000 -11.1288 
839000 -11.1326 
840000 -11.1365 
841000 -11.1403 
842000 -11.1441 
843000 -11.1479 
844000 -11.1517 
845000 -11.1555 
846000 -11.1593 
847000 -11.1631 
848000 -11.1669 
849000 -11.1707 
850000 -11.1745 
851000 -11.1783 
852000 -11.1821 
853000 -11.1858 
854000 -11.1896 
855000 -11.1934 
856000 -11.1971 
857000 -11.2009 
858000 -11.2046 
859000 -11.2084 
860000 -11.2121 
861000 -11.2158 
862000 -11.2196 
863000 -11.2233 
864000 -11.227 
865000 -11.2307 
866000 -11.2345 
867000 -11.2382 
868000 -11.2419 
869000 -11.2456 
870000 -11.2493 
871000 -11.253 
872000 -11.2567 
873000 -11.2603 
874000 -11.264 
875000 -11.2677 
876000 -11.2714 
877000 -11.275 
878000 -11.2787 
879000 -11.2824 
880000 -11.286 
881000 -11.2897 
882000 -11.2933 
883000 -11.297 
884000 -11.3006 
885000 -11.3042 
886000 -11.3079 
887000 -11.3115 
888000 -11.3151 
889000 -11.3187 
890000 -11.3224 
891000 -11.326 
892000 -11.3296 
893000 -11.3332 
894000 -11.3368 
895000 -11.3404 
896000 -11.344 
897000 -11.3476 
898000 -11.3511 
899000 -11.3547 
900000 -11.3583 
901000 -11.3619 
902000 -11.3654 
903000 -11.369 
904000 -11.3726 
905000 -11.3761 
906000 -11.3797 
907000 -11.3832 
908000 -11.3868 
909000 -11.3903 
910000 -11.3939 
911000 -11.3974 
912000 -11.4009 
913000 -11.4044 
914000 -11.408 
915000 -11.4115 
916000 -11.415 
917000 -11.4185 
918000 -11.422 
919000 -11.4255 
920000 -11.429 
921000 -11.4325 
922000 -11.436 
923000 -11.4395 
924000 -11.443 
925000 -11.4465 
926000 -11.4499 
927000 -11.4534 
928000 -11.4569 
929000 -11.4603 
930000 -11.4638 
931000 -11.4673 
932000 -11.4707 
933000 -11.4742 
934000 -11.4776 
935000 -11.4811 
936000 -11.4845 
937000 -11.4879 
938000 -11.4914 
939000 -11.4948 
940000 -11.4982 
941000 -11.5017 
942000 -11.5051 
943000 -11.5085 
944000 -11.5119 
945000 -11.5153 
946000 -11.5187 
947000 -11.5221 
948000 -11.5255 
949000 -11.5289 
950000 -11.5323 
951000 -11.5357 
952000 -11.5391 
953000 -11.5424 
954000 -11.5458 
955000 -11.5492 
956000 -11.5526 
957000 -11.5559 
958000 -11.5593 
959000 -11.5626 
960000 -11.566 
961000 -11.5694 
962000 -11.5727 
963000 -11.576 
964000 -11.5794 
965000 -11.5827 
966000 -11.5861 
967000 -11.5894 
968000 -11.5927 
969000 -11.596 
970000 -11.5994 
971000 -11.6027 
972000 -11.606 
973000 -11.6093 
974000 -11.6126 
975000 -11.6159 
976000 -11.6192 
977000 -11.6225 
978000 -11.6258 
979000 -11.6291 
980000 -11.6324 
981000 -11.6357 
982000 -11.639 
983000 -11.6422 
984000 -11.6455 
985000 -11.6488 
986000 -11.652 
987000 -11.6553 
988000 -11.6586 
989000 -11.6618 
990000 -11.6651 
991000 -11.6683 
992000 -11.6716 
993000 -11.6748 
994000 -11.6781 
995000 -11.6813 
996000 -11.6845 
997000 -11.6878 
998000 -11.691 
999000 -11.6942 
1e+06 -11.6975 
