1000 -75.8025 
2000 -34.2224 
3000 -20.7574 
4000 -14.2145 
5000 -10.4165 
6000 -7.98219 
7000 -6.32087 
8000 -5.13732 
9000 -4.26781 
10000 -3.61448 
11000 -3.11535 
12000 -2.72943 
13000 -2.4286 
14000 -2.19293 
15000 -2.00802 
16000 -1.86316 
17000 -1.7503 
18000 -1.66326 
19000 -1.59722 
20000 -1.54841 
21000 -1.51381 
22000 -1.49102 
23000 -1.47807 
24000 -1.47338 
25000 -1.47561 
26000 -1.48369 
27000 -1.49672 
28000 -1.51393 
29000 -1.53469 
30000 -1.55846 
31000 -1.58479 
32000 -1.61328 
33000 -1.64362 
34000 -1.6755 
35000 -1.7087 
36000 -1.743 
37000 -1.77821 
38000 -1.81419 
39000 -1.85079 
40000 -1.88791 
41000 -1.92542 
42000 -1.96326 
43000 -2.00133 
44000 -2.03957 
45000 -2.07792 
46000 -2.11633 
47000 -2.15476 
48000 -2.19315 
49000 -2.23149 
50000 -2.26973 
51000 -2.30786 
52000 -2.34585 
53000 -2.38367 
54000 -2.42132 
55000 -2.45878 
56000 -2.49603 
57000 -2.53306 
58000 -2.56986 
59000 -2.60643 
60000 -2.64276 
61000 -2.67884 
62000 -2.71467 
63000 -2.75025 
64000 -2.78556 
65000 -2.82061 
66000 -2.8554 
67000 -2.88993 
68000 -2.92419 
69000 -2.95819 
70000 -2.99192 
71000 -3.02538 
72000 -3.05858 
73000 -3.09152 
74000 -3.1242 
75000 -3.15662 
76000 -3.18878 
77000 -3.22068 
78000 -3.25233 
79000 -3.28373 
80000 -3.31487 
81000 -3.34577 
82000 -3.37642 
83000 -3.40683 
84000 -3.43699 
85000 -3.46692 
86000 -3.49661 
87000 -3.52607 
88000 -3.5553 
89000 -3.5843 
90000 -3.61307 
91000 -3.64163 
92000 -3.66996 
93000 -3.69807 
94000 -3.72596 
95000 -3.75365 
96000 -3.78112 
97000 -3.80839 
98000 -3.83545 
99000 -3.86231 
100000 -3.88897 
101000 -3.91543 
102000 -3.94169 
103000 -3.96776 
104000 -3.99365 
105000 -4.01934 
106000 -4.04485 
107000 -4.07017 
108000 -4.09532 
109000 -4.12028 
110000 -4.14507 
111000 -4.16968 
112000 -4.19412 
113000 -4.21839 
114000 -4.2425 
115000 -4.26643 
116000 -4.2902 
117000 -4.31381 
118000 -4.33726 
119000 -4.36056 
120000 -4.38369 
121000 -4.40667 
122000 -4.4295 
123000 -4.45218 
124000 -4.47471 
125000 -4.49709 
126000 -4.51933 
127000 -4.54142 
128000 -4.56338 
129000 -4.58519 
130000 -4.60686 
131000 -4.6284 
132000 -4.6498 
133000 -4.67107 
134000 -4.6922 
135000 -4.71321 
136000 -4.73408 
137000 -4.75483 
138000 -4.77545 
139000 -4.79595 
140000 -4.81632 
141000 -4.83657 
142000 -4.85671 
143000 -4.87672 
144000 -4.89661 
145000 -4.91639 
146000 -4.93605 
147000 -4.9556 
148000 -4.97504 
149000 -4.99436 
150000 -5.01357 
151000 -5.03268 
152000 -5.05168 
153000 -5.07057 
154000 -5.08935 
155000 -5.10803 
156000 -5.12661 
157000 -5.14508 
158000 -5.16345 
159000 -5.18173 
160000 -5.1999 
161000 -5.21798 
162000 -5.23596 
163000 -5.25384 
164000 -5.27162 
165000 -5.28932 
166000 -5.30692 
167000 -5.32443 
168000 -5.34184 
169000 -5.35917 
170000 -5.37641 
171000 -5.39355 
172000 -5.41061 
173000 -5.42759 
174000 -5.44447 
175000 -5.46128 
176000 -5.47799 
177000 -5.49463 
178000 -5.51118 
179000 -5.52765 
180000 -5.54404 
181000 -5.56035 
182000 -5.57658 
183000 -5.59273 
184000 -5.6088 
185000 -5.62479 
186000 -5.64071 
187000 -5.65655 
188000 -5.67232 
189000 -5.68801 
190000 -5.70363 
191000 -5.71918 
192000 -5.73465 
193000 -5.75005 
194000 -5.76538 
195000 -5.78064 
196000 -5.79583 
197000 -5.81095 
198000 -5.826 
199000 -5.84098 
200000 -5.8559 
201000 -5.87075 
202000 -5.88553 
203000 -5.90025 
204000 -5.9149 
205000 -5.92948 
206000 -5.94401 
207000 -5.95847 
208000 -5.97286 
209000 -5.9872 
210000 -6.00147 
211000 -6.01568 
212000 -6.02983 
213000 -6.04392 
214000 -6.05795 
215000 -6.07192 
216000 -6.08583 
217000 -6.09969 
218000 -6.11348 
219000 -6.12722 
220000 -6.1409 
221000 -6.15452 
222000 -6.16809 
223000 -6.18161 
224000 -6.19506 
225000 -6.20847 
226000 -6.22182 
227000 -6.23511 
228000 -6.24835 
229000 -6.26154 
230000 -6.27468 
231000 -6.28776 
232000 -6.3008 
233000 -6.31378 
234000 -6.32671 
235000 -6.33959 
236000 -6.35242 
237000 -6.3652 
238000 -6.37793 
239000 -6.39061 
240000 -6.40324 
241000 -6.41582 
242000 -6.42836 
243000 -6.44085 
244000 -6.45329 
245000 -6.46569 
246000 -6.47803 
247000 -6.49034 
248000 -6.50259 
249000 -6.5148 
250000 -6.52697 
251000 -6.53909 
252000 -6.55117 
253000 -6.5632 
254000 -6.57519 
255000 -6.58713 
256000 -6.59903 
257000 -6.61089 
258000 -6.62271 
259000 -6.63448 
260000 -6.64622 
261000 -6.65791 
262000 -6.66955 
263000 -6.68116 
264000 -6.69273 
265000 -6.70425 
266000 -6.71574 
267000 -6.72719 
268000 -6.73859 
269000 -6.74996 
270000 -6.76129 
271000 -6.77257 
272000 -6.78382 
273000 -6.79503 
274000 -6.80621 
275000 -6.81734 
276000 -6.82844 
277000 -6.8395 
278000 -6.85052 
279000 -6.86151 
280000 -6.87246 
281000 -6.88337 
282000 -6.89425 
283000 -6.90509 
284000 -6.9159 
285000 -6.92667 
286000 -6.9374 
287000 -6.9481 
288000 -6.95877 
289000 -6.9694 
290000 -6.97999 
291000 -6.99056 
292000 -7.00108 
293000 -7.01158 
294000 -7.02204 
295000 -7.03247 
296000 -7.04286 
297000 -7.05322 
298000 -7.06355 
299000 -7.07385 
300000 -7.08411 
301000 -7.09435 
302000 -7.10455 
303000 -7.11472 
304000 -7.12485 
305000 -7.13496 
306000 -7.14503 
307000 -7.15508 
308000 -7.16509 
309000 -7.17508 
310000 -7.18503 
311000 -7.19495 
312000 -7.20484 
313000 -7.21471 
314000 -7.22454 
315000 -7.23434 
316000 -7.24412 
317000 -7.25387 
318000 -7.26358 
319000 -7.27327 
320000 -7.28293 
321000 -7.29256 
322000 -7.30216 
323000 -7.31174 
324000 -7.32129 
325000 -7.3308 
326000 -7.3403 
327000 -7.34976 
328000 -7.3592 
329000 -7.36861 
330000 -7.37799 
331000 -7.38735 
332000 -7.39667 
333000 -7.40598 
334000 -7.41525 
335000 -7.4245 
336000 -7.43373 
337000 -7.44293 
338000 -7.4521 
339000 -7.46125 
340000 -7.47037 
341000 -7.47946 
342000 -7.48853 
343000 -7.49758 
344000 -7.5066 
345000 -7.5156 
346000 -7.52457 
347000 -7.53352 
348000 -7.54244 
349000 -7.55134 
350000 -7.56021 
351000 -7.56906 
352000 -7.57789 
353000 -7.58669 
354000 -7.59547 
355000 -7.60422 
356000 -7.61296 
357000 -7.62167 
358000 -7.63035 
359000 -7.63901 
360000 -7.64765 
361000 -7.65627 
362000 -7.66487 
363000 -7.67344 
364000 -7.68199 
365000 -7.69051 
366000 -7.69902 
367000 -7.7075 
368000 -7.71596 
369000 -7.7244 
370000 -7.73282 
371000 -7.74122 
372000 -7.74959 
373000 -7.75794 
374000 -7.76628 
375000 -7.77459 
376000 -7.78288 
377000 -7.79114 
378000 -7.79939 
379000 -7.80762 
380000 -7.81583 
381000 -7.82401 
382000 -7.83218 
383000 -7.84032 
384000 -7.84845 
385000 -7.85655 
386000 -7.86464 
387000 -7.8727 
388000 -7.88075 
389000 -7.88877 
390000 -7.89678 
391000 -7.90476 
392000 -7.91273 
393000 -7.92068 
394000 -7.9286 
395000 -7.93651 
396000 -7.9444 
397000 -7.95227 
398000 -7.96012 
399000 -7.96796 
400000 -7.97577 
401000 -7.98357 
402000 -7.99134 
403000 -7.9991 
404000 -8.00684 
405000 -8.01456 
406000 -8.02227 
407000 -8.02995 
408000 -8.03762 
409000 -8.04527 
410000 -8.0529 
411000 -8.06051 
412000 -8.06811 
413000 -8.07569 
414000 -8.08325 
415000 -8.09079 
416000 -8.09832 
417000 -8.10583 
418000 -8.11332 
419000 -8.1208 
420000 -8.12825 
421000 -8.13569 
422000 -8.14312 
423000 -8.15052 
424000 -8.15791 
425000 -8.16529 
426000 -8.17264 
427000 -8.17998 
428000 -8.18731 
429000 -8.19462 
430000 -8.20191 
431000 -8.20918 
432000 -8.21644 
433000 -8.22368 
434000 -8.23091 
435000 -8.23812 
436000 -8.24531 
437000 -8.25249 
438000 -8.25966 
439000 -8.2668 
440000 -8.27394 
441000 -8.28105 
442000 -8.28815 
443000 -8.29524 
444000 -8.30231 
445000 -8.30936 
446000 -8.3164 
447000 -8.32343 
448000 -8.33044 
449000 -8.33743 
450000 -8.34441 
451000 -8.35138 
452000 -8.35833 
453000 -8.36526 
454000 -8.37218 
455000 -8.37909 
456000 -8.38598 
457000 -8.39286 
458000 -8.39972 
459000 -8.40657 
460000 -8.4134 
461000 -8.42022 
462000 -8.42702 
463000 -8.43382 
464000 -8.44059 
465000 -8.44735 
466000 -8.4541 
467000 -8.46084 
468000 -8.46756 
469000 -8.47427 
470000 -8.48096 
471000 -8.48764 
472000 -8.49431 
473000 -8.50096 
474000 -8.5076 
475000 -8.51422 
476000 -8.52084 
477000 -8.52743 
478000 -8.53402 
479000 -8.54059 
480000 -8.54715 
481000 -8.5537 
482000 -8.56023 
483000 -8.56675 
484000 -8.57326 
485000 -8.57975 
486000 -8.58623 
487000 -8.5927 
488000 -8.59915 
489000 -8.6056 
490000 -8.61203 
491000 -8.61844 
492000 -8.62485 
493000 -8.63124 
494000 -8.63762 
495000 -8.64399 
496000 -8.65034 
497000 -8.65668 
498000 -8.66301 
499000 -8.66933 
500000 -8.67564 
501000 -8.68193 
502000 -8.68821 
503000 -8.69448 
504000 -8.70074 
505000 -8.70698 
506000 -8.71322 
507000 -8.71944 
508000 -8.72565 
509000 -8.73185 
510000 -8.73803 
511000 -8.74421 
512000 -8.75037 
513000 -8.75652 
514000 -8.76266 
515000 -8.76879 
516000 -8.77491 
517000 -8.78101 
518000 -8.78711 
519000 -8.79319 
520000 -8.79926 
521000 -8.80532 
522000 -8.81137 
523000 -8.8174 
524000 -8.82343 
525000 -8.82945 
526000 -8.83545 
527000 -8.84144 
528000 -8.84743 
529000 -8.8534 
530000 -8.85936 
531000 -8.86531 
532000 -8.87124 
533000 -8.87717 
534000 -8.88309 
535000 -8.889 
536000 -8.89489 
537000 -8.90078 
538000 -8.90665 
539000 -8.91252 
540000 -8.91837 
541000 -8.92421 
542000 -8.93004 
543000 -8.93587 
544000 -8.94168 
545000 -8.94748 
546000 -8.95327 
547000 -8.95905 
548000 -8.96482 
549000 -8.97058 
550000 -8.97633 
551000 -8.98207 
552000 -8.9878 
553000 -8.99352 
554000 -8.99923 
555000 -9.00493 
556000 -9.01062 
557000 -9.0163 
558000 -9.02197 
559000 -9.02763 
560000 -9.03328 
561000 -9.03892 
562000 -9.04456 
563000 -9.05018 
564000 -9.05579 
565000 -9.06139 
566000 -9.06698 
567000 -9.07257 
568000 -9.07814 
569000 -9.0837 
570000 -9.08926 
571000 -9.0948 
572000 -9.10034 
573000 -9.10586 
574000 -9.11138 
575000 -9.11689 
576000 -9.12239 
577000 -9.12788 
578000 -9.13336 
579000 -9.13883 
580000 -9.14429 
581000 -9.14974 
582000 -9.15518 
583000 -9.16062 
584000 -9.16604 
585000 -9.17146 
586000 -9.17687 
587000 -9.18226 
588000 -9.18765 
589000 -9.19303 
590000 -9.19841 
591000 -9.20377 
592000 -9.20912 
593000 -9.21447 
594000 -9.2198 
595000 -9.22513 
596000 -9.23045 
597000 -9.23576 
598000 -9.24106 
599000 -9.24636 
600000 -9.25164 
601000 -9.25692 
602000 -9.26218 
603000 -9.26744 
604000 -9.27269 
605000 -9.27794 
606000 -9.28317 
607000 -9.28839 
608000 -9.29361 
609000 -9.29882 
610000 -9.30402 
611000 -9.30921 
612000 -9.3144 
613000 -9.31957 
614000 -9.32474 
615000 -9.3299 
616000 -9.33505 
617000 -9.34019 
618000 -9.34533 
619000 -9.35045 
620000 -9.35557 
621000 -9.36068 
622000 -9.36579 
623000 -9.37088 
624000 -9.37597 
625000 -9.38105 
626000 -9.38612 
627000 -9.39118 
628000 -9.39623 
629000 -9.40128 
630000 -9.40632 
631000 -9.41135 
632000 -9.41638 
633000 -9.42139 
634000 -9.4264 
635000 -9.4314 
636000 -9.4364 
637000 -9.44138 
638000 -9.44636 
639000 -9.45133 
640000 -9.45629 
641000 -9.46125 
642000 -9.4662 
643000 -9.47114 
644000 -9.47607 
645000 -9.481 
646000 -9.48591 
647000 -9.49082 
648000 -9.49573 
649000 -9.50062 
650000 -9.50551 
651000 -9.51039 
652000 -9.51527 
653000 -9.52013 
654000 -9.52499 
655000 -9.52985 
656000 -9.53469 
657000 -9.53953 
658000 -9.54436 
659000 -9.54918 
660000 -9.554 
661000 -9.55881 
662000 -9.56361 
663000 -9.5684 
664000 -9.57319 
665000 -9.57797 
666000 -9.58275 
667000 -9.58752 
668000 -9.59228 
669000 -9.59703 
670000 -9.60177 
671000 -9.60651 
672000 -9.61125 
673000 -9.61597 
674000 -9.62069 
675000 -9.6254 
676000 -9.63011 
677000 -9.63481 
678000 -9.6395 
679000 -9.64418 
680000 -9.64886 
681000 -9.65353 
682000 -9.6582 
683000 -9.66286 
684000 -9.66751 
685000 -9.67215 
686000 -9.67679 
687000 -9.68142 
688000 -9.68605 
689000 -9.69066 
690000 -9.69528 
691000 -9.69988 
692000 -9.70448 
693000 -9.70907 
694000 -9.71366 
695000 -9.71824 
696000 -9.72281 
697000 -9.72738 
698000 -9.73194 
699000 -9.73649 
700000 -9.74104 
701000 -9.74558 
702000 -9.75012 
703000 -9.75465 
704000 -9.75917 
705000 -9.76369 
706000 -9.7682 
707000 -9.7727 
708000 -9.7772 
709000 -9.78169 
710000 -9.78617 
711000 -9.79065 
712000 -9.79512 
713000 -9.79959 
714000 -9.80405 
715000 -9.80851 
716000 -9.81295 
717000 -9.8174 
718000 -9.82183 
719000 -9.82626 
720000 -9.83069 
721000 -9.83511 
722000 -9.83952 
723000 -9.84392 
724000 -9.84833 
725000 -9.85272 
726000 -9.85711 
727000 -9.86149 
728000 -9.86587 
729000 -9.87024 
730000 -9.8746 
731000 -9.87896 
732000 -9.88332 
733000 -9.88766 
734000 -9.89201 
735000 -9.89634 
736000 -9.90067 
737000 -9.905 
738000 -9.90932 
739000 -9.91363 
740000 -9.91794 
741000 -9.92224 
742000 -9.92653 
743000 -9.93082 
744000 -9.93511 
745000 -9.93939 
746000 -9.94366 
747000 -9.94793 
748000 -9.95219 
749000 -9.95645 
750000 -9.9607 
751000 -9.96494 
752000 -9.96919 
753000 -9.97342 
754000 -9.97765 
755000 -9.98187 
756000 -9.98609 
757000 -9.9903 
758000 -9.99451 
759000 -9.99871 
760000 -10.0029 
761000 -10.0071 
762000 -10.0113 
763000 -10.0155 
764000 -10.0196 
765000 -10.0238 
766000 -10.028 
767000 -10.0321 
768000 -10.0363 
769000 -10.0404 
770000 -10.0446 
771000 -10.0487 
772000 -10.0529 
773000 -10.057 
774000 -10.0611 
775000 -10.0652 
776000 -10.0693 
777000 -10.0734 
778000 -10.0775 
779000 -10.0816 
780000 -10.0857 
781000 -10.0898 
782000 -10.0939 
783000 -10.098 
784000 -10.102 
785000 -10.1061 
786000 -10.1102 
787000 -10.1142 
788000 -10.1183 
789000 -10.1223 
790000 -10.1264 
791000 -10.1304 
792000 -10.1344 
793000 -10.1384 
794000 -10.1425 
795000 -10.1465 
796000 -10.1505 
797000 -10.1545 
798000 -10.1585 
799000 -10.1625 
800000 -10.1665 
801000 -10.1705 
802000 -10.1745 
803000 -10.1784 
804000 -10.1824 
805000 -10.1864 
806000 -10.1903 
807000 -10.1943 
808000 -10.1982 
809000 -10.2022 
810000 -10.2061 
811000 -10.2101 
812000 -10.214 
813000 -10.2179 
814000 -10.2219 
815000 -10.2258 
816000 -10.2297 
817000 -10.2336 
818000 -10.2375 
819000 -10.2414 
820000 -10.2453 
821000 -10.2492 
822000 -10.2531 
823000 -10.257 
824000 -10.2608 
825000 -10.2647 
826000 -10.2686 
827000 -10.2724 
828000 -10.2763 
829000 -10.2802 
830000 -10.284 
831000 -10.2878 
832000 -10.2917 
833000 -10.2955 
834000 -10.2994 
835000 -10.3032 
836000 -10.307 
837000 -10.3108 
838000 -10.3146 
839000 -10.3184 
840000 -10.3222 
841000 -10.326 
842000 -10.3298 
843000 -10.3336 
844000 -10.3374 
845000 -10.3412 
846000 -10.345 
847000 -10.3488 
848000 -10.3525 
849000 -10.3563 
850000 -10.3601 
851000 -10.3638 
852000 -10.3676 
853000 -10.3713 
854000 -10.3751 
855000 -10.3788 
856000 -10.3825 
857000 -10.3863 
858000 -10.39 
859000 -10.3937 
860000 -10.3974 
861000 -10.4011 
862000 -10.4048 
863000 -10.4086 
864000 -10.4123 
865000 -10.4159 
866000 -10.4196 
867000 -10.4233 
868000 -10.427 
869000 -10.4307 
870000 -10.4344 
871000 -10.438 
872000 -10.4417 
873000 -10.4454 
874000 -10.449 
875000 -10.4527 
876000 -10.4563 
877000 -10.46 
878000 -10.4636 
879000 -10.4673 
880000 -10.4709 
881000 -10.4745 
882000 -10.4782 
883000 -10.4818 
884000 -10.4854 
885000 -10.489 
886000 -10.4926 
887000 -10.4962 
888000 -10.4998 
889000 -10.5034 
890000 -10.507 
891000 -10.5106 
892000 -10.5142 
893000 -10.5178 
894000 -10.5214 
895000 -10.5249 
896000 -10.5285 
897000 -10.5321 
898000 -10.5357 
899000 -10.5392 
900000 -10.5428 
901000 -10.5463 
902000 -10.5499 
903000 -10.5534 
904000 -10.5569 
905000 -10.5605 
906000 -10.564 
907000 -10.5675 
908000 -10.5711 
909000 -10.5746 
910000 -10.5781 
911000 -10.5816 
912000 -10.5851 
913000 -10.5886 
914000 -10.5921 
915000 -10.5956 
916000 -10.5991 
917000 -10.6026 
918000 -10.6061 
919000 -10.6096 
920000 -10.6131 
921000 -10.6166 
922000 -10.62 
923000 -10.6235 
924000 -10.627 
925000 -10.6304 
926000 -10.6339 
927000 -10.6373 
928000 -10.6408 
929000 -10.6442 
930000 -10.6477 
931000 -10.6511 
932000 -10.6545 
933000 -10.658 
934000 -10.6614 
935000 -10.6648 
936000 -10.6683 
937000 -10.6717 
938000 -10.6751 
939000 -10.6785 
940000 -10.6819 
941000 -10.6853 
942000 -10.6887 
943000 -10.6921 
944000 -10.6955 
945000 -10.6989 
946000 -10.7023 
947000 -10.7057 
948000 -10.709 
949000 -10.7124 
950000 -10.7158 
951000 -10.7191 
952000 -10.7225 
953000 -10.7259 
954000 -10.7292 
955000 -10.7326 
956000 -10.7359 
957000 -10.7393 
958000 -10.7426 
959000 -10.746 
960000 -10.7493 
961000 -10.7526 
962000 -10.756 
963000 -10.7593 
964000 -10.7626 
965000 -10.7659 
966000 -10.7693 
967000 -10.7726 
968000 -10.7759 
969000 -10.7792 
970000 -10.7825 
971000 -10.7858 
972000 -10.7891 
973000 -10.7924 
974000 -10.7957 
975000 -10.799 
976000 -10.8022 
977000 -10.8055 
978000 -10.8088 
979000 -10.8121 
980000 -10.8153 
981000 -10.8186 
982000 -10.8219 
983000 -10.8251 
984000 -10.8284 
985000 -10.8316 
986000 -10.8349 
987000 -10.8381 
988000 -10.8414 
989000 -10.8446 
990000 -10.8479 
991000 -10.8511 
992000 -10.8543 
993000 -10.8576 
994000 -10.8608 
995000 -10.864 
996000 -10.8672 
997000 -10.8704 
998000 -10.8737 
999000 -10.8769 
1e+06 -10.8801 
