1000 -25.2294 
2000 -12.8384 
3000 -8.43695 
4000 -5.9145 
5000 -4.27076 
6000 -3.14234 
7000 -2.39399 
8000 -1.89109 
9000 -1.5502 
10000 -1.31843 
11000 -1.16072 
12000 -1.05339 
13000 -0.989722 
14000 -0.957926 
15000 -0.953351 
16000 -0.967302 
17000 -0.994078 
18000 -1.03125 
19000 -1.07481 
20000 -1.12343 
21000 -1.17624 
22000 -1.23201 
23000 -1.29003 
24000 -1.3496 
25000 -1.41024 
26000 -1.4716 
27000 -1.53339 
28000 -1.59538 
29000 -1.65735 
30000 -1.71915 
31000 -1.78069 
32000 -1.8419 
33000 -1.9027 
34000 -1.96297 
35000 -2.02266 
36000 -2.08173 
37000 -2.14016 
38000 -2.19795 
39000 -2.2551 
40000 -2.31159 
41000 -2.36744 
42000 -2.4226 
43000 -2.47707 
44000 -2.53087 
45000 -2.58399 
46000 -2.63642 
47000 -2.68816 
48000 -2.73924 
49000 -2.78966 
50000 -2.83943 
51000 -2.88856 
52000 -2.93704 
53000 -2.98491 
54000 -3.03218 
55000 -3.07884 
56000 -3.12491 
57000 -3.17042 
58000 -3.21537 
59000 -3.25976 
60000 -3.30362 
61000 -3.34696 
62000 -3.38977 
63000 -3.43208 
64000 -3.47389 
65000 -3.51522 
66000 -3.55607 
67000 -3.59645 
68000 -3.63638 
69000 -3.67586 
70000 -3.71489 
71000 -3.7535 
72000 -3.79168 
73000 -3.82944 
74000 -3.86679 
75000 -3.90375 
76000 -3.94032 
77000 -3.97649 
78000 -4.0123 
79000 -4.04773 
80000 -4.08281 
81000 -4.11752 
82000 -4.15189 
83000 -4.18592 
84000 -4.2196 
85000 -4.25296 
86000 -4.28599 
87000 -4.31871 
88000 -4.35111 
89000 -4.3832 
90000 -4.415 
91000 -4.44649 
92000 -4.47769 
93000 -4.50861 
94000 -4.53925 
95000 -4.56961 
96000 -4.59969 
97000 -4.62952 
98000 -4.65907 
99000 -4.68837 
100000 -4.71742 
101000 -4.74621 
102000 -4.77477 
103000 -4.80307 
104000 -4.83115 
105000 -4.85898 
106000 -4.88659 
107000 -4.91397 
108000 -4.94113 
109000 -4.96807 
110000 -4.99479 
111000 -5.02129 
112000 -5.04759 
113000 -5.07368 
114000 -5.09957 
115000 -5.12526 
116000 -5.15075 
117000 -5.17604 
118000 -5.20115 
119000 -5.22606 
120000 -5.2508 
121000 -5.27534 
122000 -5.29971 
123000 -5.3239 
124000 -5.34791 
125000 -5.37175 
126000 -5.39542 
127000 -5.41892 
128000 -5.44226 
129000 -5.46543 
130000 -5.48844 
131000 -5.51129 
132000 -5.53399 
133000 -5.55653 
134000 -5.57892 
135000 -5.60115 
136000 -5.62324 
137000 -5.64518 
138000 -5.66698 
139000 -5.68863 
140000 -5.71015 
141000 -5.73152 
142000 -5.75275 
143000 -5.77385 
144000 -5.79482 
145000 -5.81565 
146000 -5.83635 
147000 -5.85692 
148000 -5.87736 
149000 -5.89768 
150000 -5.91787 
151000 -5.93794 
152000 -5.95789 
153000 -5.97772 
154000 -5.99743 
155000 -6.01702 
156000 -6.03649 
157000 -6.05586 
158000 -6.0751 
159000 -6.09424 
160000 -6.11326 
161000 -6.13218 
162000 -6.15098 
163000 -6.16968 
164000 -6.18828 
165000 -6.20677 
166000 -6.22515 
167000 -6.24344 
168000 -6.26162 
169000 -6.2797 
170000 -6.29769 
171000 -6.31557 
172000 -6.33336 
173000 -6.35105 
174000 -6.36865 
175000 -6.38616 
176000 -6.40357 
177000 -6.42089 
178000 -6.43812 
179000 -6.45525 
180000 -6.4723 
181000 -6.48926 
182000 -6.50614 
183000 -6.52292 
184000 -6.53963 
185000 -6.55624 
186000 -6.57278 
187000 -6.58923 
188000 -6.6056 
189000 -6.62188 
190000 -6.63809 
191000 -6.65422 
192000 -6.67026 
193000 -6.68623 
194000 -6.70213 
195000 -6.71794 
196000 -6.73368 
197000 -6.74935 
198000 -6.76494 
199000 -6.78045 
200000 -6.7959 
201000 -6.81127 
202000 -6.82656 
203000 -6.84179 
204000 -6.85695 
205000 -6.87204 
206000 -6.88705 
207000 -6.902 
208000 -6.91689 
209000 -6.9317 
210000 -6.94645 
211000 -6.96113 
212000 -6.97575 
213000 -6.9903 
214000 -7.00478 
215000 -7.01921 
216000 -7.03357 
217000 -7.04786 
218000 -7.0621 
219000 -7.07627 
220000 -7.09038 
221000 -7.10443 
222000 -7.11843 
223000 -7.13236 
224000 -7.14623 
225000 -7.16004 
226000 -7.1738 
227000 -7.1875 
228000 -7.20114 
229000 -7.21473 
230000 -7.22825 
231000 -7.24173 
232000 -7.25514 
233000 -7.26851 
234000 -7.28182 
235000 -7.29507 
236000 -7.30827 
237000 -7.32142 
238000 -7.33451 
239000 -7.34756 
240000 -7.36055 
241000 -7.37349 
242000 -7.38638 
243000 -7.39922 
244000 -7.412 
245000 -7.42474 
246000 -7.43743 
247000 -7.45007 
248000 -7.46266 
249000 -7.4752 
250000 -7.4877 
251000 -7.50015 
252000 -7.51255 
253000 -7.5249 
254000 -7.53721 
255000 -7.54947 
256000 -7.56168 
257000 -7.57385 
258000 -7.58598 
259000 -7.59805 
260000 -7.61009 
261000 -7.62208 
262000 -7.63403 
263000 -7.64593 
264000 -7.65779 
265000 -7.66961 
266000 -7.68138 
267000 -7.69312 
268000 -7.70481 
269000 -7.71645 
270000 -7.72806 
271000 -7.73963 
272000 -7.75115 
273000 -7.76264 
274000 -7.77408 
275000 -7.78549 
276000 -7.79685 
277000 -7.80818 
278000 -7.81947 
279000 -7.83071 
280000 -7.84192 
281000 -7.85309 
282000 -7.86423 
283000 -7.87532 
284000 -7.88638 
285000 -7.8974 
286000 -7.90838 
287000 -7.91933 
288000 -7.93024 
289000 -7.94111 
290000 -7.95195 
291000 -7.96275 
292000 -7.97351 
293000 -7.98424 
294000 -7.99494 
295000 -8.0056 
296000 -8.01623 
297000 -8.02682 
298000 -8.03737 
299000 -8.0479 
300000 -8.05839 
301000 -8.06884 
302000 -8.07926 
303000 -8.08965 
304000 -8.10001 
305000 -8.11033 
306000 -8.12062 
307000 -8.13088 
308000 -8.14111 
309000 -8.1513 
310000 -8.16146 
311000 -8.1716 
312000 -8.1817 
313000 -8.19176 
314000 -8.2018 
315000 -8.21181 
316000 -8.22179 
317000 -8.23173 
318000 -8.24165 
319000 -8.25153 
320000 -8.26139 
321000 -8.27121 
322000 -8.28101 
323000 -8.29078 
324000 -8.30052 
325000 -8.31023 
326000 -8.31991 
327000 -8.32956 
328000 -8.33918 
329000 -8.34878 
330000 -8.35834 
331000 -8.36788 
332000 -8.37739 
333000 -8.38688 
334000 -8.39633 
335000 -8.40576 
336000 -8.41516 
337000 -8.42454 
338000 -8.43389 
339000 -8.44321 
340000 -8.4525 
341000 -8.46177 
342000 -8.47101 
343000 -8.48023 
344000 -8.48942 
345000 -8.49858 
346000 -8.50772 
347000 -8.51683 
348000 -8.52592 
349000 -8.53498 
350000 -8.54402 
351000 -8.55303 
352000 -8.56202 
353000 -8.57098 
354000 -8.57992 
355000 -8.58883 
356000 -8.59772 
357000 -8.60659 
358000 -8.61543 
359000 -8.62424 
360000 -8.63304 
361000 -8.64181 
362000 -8.65055 
363000 -8.65928 
364000 -8.66797 
365000 -8.67665 
366000 -8.6853 
367000 -8.69393 
368000 -8.70254 
369000 -8.71113 
370000 -8.71969 
371000 -8.72823 
372000 -8.73675 
373000 -8.74524 
374000 -8.75372 
375000 -8.76217 
376000 -8.7706 
377000 -8.77901 
378000 -8.78739 
379000 -8.79576 
380000 -8.8041 
381000 -8.81242 
382000 -8.82072 
383000 -8.829 
384000 -8.83726 
385000 -8.8455 
386000 -8.85372 
387000 -8.86192 
388000 -8.87009 
389000 -8.87825 
390000 -8.88638 
391000 -8.8945 
392000 -8.90259 
393000 -8.91067 
394000 -8.91872 
395000 -8.92676 
396000 -8.93478 
397000 -8.94277 
398000 -8.95075 
399000 -8.9587 
400000 -8.96664 
401000 -8.97456 
402000 -8.98246 
403000 -8.99034 
404000 -8.9982 
405000 -9.00604 
406000 -9.01387 
407000 -9.02167 
408000 -9.02946 
409000 -9.03722 
410000 -9.04497 
411000 -9.0527 
412000 -9.06042 
413000 -9.06811 
414000 -9.07579 
415000 -9.08344 
416000 -9.09108 
417000 -9.09871 
418000 -9.10631 
419000 -9.1139 
420000 -9.12147 
421000 -9.12902 
422000 -9.13655 
423000 -9.14407 
424000 -9.15157 
425000 -9.15905 
426000 -9.16651 
427000 -9.17396 
428000 -9.18139 
429000 -9.18881 
430000 -9.1962 
431000 -9.20358 
432000 -9.21095 
433000 -9.2183 
434000 -9.22563 
435000 -9.23294 
436000 -9.24024 
437000 -9.24752 
438000 -9.25479 
439000 -9.26204 
440000 -9.26927 
441000 -9.27649 
442000 -9.28369 
443000 -9.29087 
444000 -9.29804 
445000 -9.3052 
446000 -9.31233 
447000 -9.31946 
448000 -9.32656 
449000 -9.33366 
450000 -9.34073 
451000 -9.34779 
452000 -9.35484 
453000 -9.36187 
454000 -9.36888 
455000 -9.37589 
456000 -9.38287 
457000 -9.38984 
458000 -9.3968 
459000 -9.40374 
460000 -9.41066 
461000 -9.41757 
462000 -9.42447 
463000 -9.43135 
464000 -9.43822 
465000 -9.44507 
466000 -9.45191 
467000 -9.45874 
468000 -9.46555 
469000 -9.47234 
470000 -9.47913 
471000 -9.48589 
472000 -9.49265 
473000 -9.49939 
474000 -9.50611 
475000 -9.51282 
476000 -9.51952 
477000 -9.52621 
478000 -9.53288 
479000 -9.53954 
480000 -9.54618 
481000 -9.55281 
482000 -9.55943 
483000 -9.56603 
484000 -9.57262 
485000 -9.5792 
486000 -9.58576 
487000 -9.59231 
488000 -9.59885 
489000 -9.60537 
490000 -9.61188 
491000 -9.61838 
492000 -9.62487 
493000 -9.63134 
494000 -9.6378 
495000 -9.64424 
496000 -9.65068 
497000 -9.6571 
498000 -9.66351 
499000 -9.6699 
500000 -9.67629 
501000 -9.68266 
502000 -9.68902 
503000 -9.69536 
504000 -9.7017 
505000 -9.70802 
506000 -9.71433 
507000 -9.72063 
508000 -9.72691 
509000 -9.73318 
510000 -9.73944 
511000 -9.74569 
512000 -9.75193 
513000 -9.75816 
514000 -9.76437 
515000 -9.77057 
516000 -9.77676 
517000 -9.78294 
518000 -9.7891 
519000 -9.79526 
520000 -9.8014 
521000 -9.80753 
522000 -9.81365 
523000 -9.81976 
524000 -9.82586 
525000 -9.83194 
526000 -9.83802 
527000 -9.84408 
528000 -9.85013 
529000 -9.85617 
530000 -9.8622 
531000 -9.86822 
532000 -9.87423 
533000 -9.88022 
534000 -9.88621 
535000 -9.89218 
536000 -9.89815 
537000 -9.9041 
538000 -9.91004 
539000 -9.91597 
540000 -9.92189 
541000 -9.9278 
542000 -9.9337 
543000 -9.93959 
544000 -9.94546 
545000 -9.95133 
546000 -9.95719 
547000 -9.96303 
548000 -9.96887 
549000 -9.97469 
550000 -9.9805 
551000 -9.98631 
552000 -9.9921 
553000 -9.99789 
554000 -10.0037 
555000 -10.0094 
556000 -10.0152 
557000 -10.0209 
558000 -10.0266 
559000 -10.0324 
560000 -10.0381 
561000 -10.0438 
562000 -10.0495 
563000 -10.0552 
564000 -10.0608 
565000 -10.0665 
566000 -10.0721 
567000 -10.0778 
568000 -10.0834 
569000 -10.089 
570000 -10.0947 
571000 -10.1003 
572000 -10.1059 
573000 -10.1114 
574000 -10.117 
575000 -10.1226 
576000 -10.1281 
577000 -10.1337 
578000 -10.1392 
579000 -10.1448 
580000 -10.1503 
581000 -10.1558 
582000 -10.1613 
583000 -10.1668 
584000 -10.1723 
585000 -10.1777 
586000 -10.1832 
587000 -10.1886 
588000 -10.1941 
589000 -10.1995 
590000 -10.205 
591000 -10.2104 
592000 -10.2158 
593000 -10.2212 
594000 -10.2266 
595000 -10.232 
596000 -10.2373 
597000 -10.2427 
598000 -10.2481 
599000 -10.2534 
600000 -10.2587 
601000 -10.2641 
602000 -10.2694 
603000 -10.2747 
604000 -10.28 
605000 -10.2853 
606000 -10.2906 
607000 -10.2959 
608000 -10.3011 
609000 -10.3064 
610000 -10.3116 
611000 -10.3169 
612000 -10.3221 
613000 -10.3273 
614000 -10.3326 
615000 -10.3378 
616000 -10.343 
617000 -10.3482 
618000 -10.3534 
619000 -10.3585 
620000 -10.3637 
621000 -10.3689 
622000 -10.374 
623000 -10.3792 
624000 -10.3843 
625000 -10.3894 
626000 -10.3945 
627000 -10.3997 
628000 -10.4048 
629000 -10.4099 
630000 -10.4149 
631000 -10.42 
632000 -10.4251 
633000 -10.4302 
634000 -10.4352 
635000 -10.4403 
636000 -10.4453 
637000 -10.4503 
638000 -10.4554 
639000 -10.4604 
640000 -10.4654 
641000 -10.4704 
642000 -10.4754 
643000 -10.4804 
644000 -10.4854 
645000 -10.4903 
646000 -10.4953 
647000 -10.5002 
648000 -10.5052 
649000 -10.5101 
650000 -10.5151 
651000 -10.52 
652000 -10.5249 
653000 -10.5298 
654000 -10.5347 
655000 -10.5396 
656000 -10.5445 
657000 -10.5494 
658000 -10.5543 
659000 -10.5591 
660000 -10.564 
661000 -10.5689 
662000 -10.5737 
663000 -10.5785 
664000 -10.5834 
665000 -10.5882 
666000 -10.593 
667000 -10.5978 
668000 -10.6026 
669000 -10.6074 
670000 -10.6122 
671000 -10.617 
672000 -10.6218 
673000 -10.6265 
674000 -10.6313 
675000 -10.6361 
676000 -10.6408 
677000 -10.6455 
678000 -10.6503 
679000 -10.655 
680000 -10.6597 
681000 -10.6644 
682000 -10.6691 
683000 -10.6738 
684000 -10.6785 
685000 -10.6832 
686000 -10.6879 
687000 -10.6926 
688000 -10.6972 
689000 -10.7019 
690000 -10.7065 
691000 -10.7112 
692000 -10.7158 
693000 -10.7205 
694000 -10.7251 
695000 -10.7297 
696000 -10.7343 
697000 -10.7389 
698000 -10.7435 
699000 -10.7481 
700000 -10.7527 
701000 -10.7573 
702000 -10.7619 
703000 -10.7664 
704000 -10.771 
705000 -10.7755 
706000 -10.7801 
707000 -10.7846 
708000 -10.7892 
709000 -10.7937 
710000 -10.7982 
711000 -10.8027 
712000 -10.8073 
713000 -10.8118 
714000 -10.8163 
715000 -10.8207 
716000 -10.8252 
717000 -10.8297 
718000 -10.8342 
719000 -10.8387 
720000 -10.8431 
721000 -10.8476 
722000 -10.852 
723000 -10.8565 
724000 -10.8609 
725000 -10.8653 
726000 -10.8698 
727000 -10.8742 
728000 -10.8786 
729000 -10.883 
730000 -10.8874 
731000 -10.8918 
732000 -10.8962 
733000 -10.9006 
734000 -10.9049 
735000 -10.9093 
736000 -10.9137 
737000 -10.918 
738000 -10.9224 
739000 -10.9267 
740000 -10.9311 
741000 -10.9354 
742000 -10.9397 
743000 -10.9441 
744000 -10.9484 
745000 -10.9527 
746000 -10.957 
747000 -10.9613 
748000 -10.9656 
749000 -10.9699 
750000 -10.9742 
751000 -10.9785 
752000 -10.9827 
753000 -10.987 
754000 -10.9913 
755000 -10.9955 
756000 -10.9998 
757000 -11.004 
758000 -11.0083 
759000 -11.0125 
760000 -11.0167 
761000 -11.021 
762000 -11.0252 
763000 -11.0294 
764000 -11.0336 
765000 -11.0378 
766000 -11.042 
767000 -11.0462 
768000 -11.0504 
769000 -11.0546 
770000 -11.0587 
771000 -11.0629 
772000 -11.0671 
773000 -11.0712 
774000 -11.0754 
775000 -11.0795 
776000 -11.0837 
777000 -11.0878 
778000 -11.0919 
779000 -11.0961 
780000 -11.1002 
781000 -11.1043 
782000 -11.1084 
783000 -11.1125 
784000 -11.1166 
785000 -11.1207 
786000 -11.1248 
787000 -11.1289 
788000 -11.133 
789000 -11.1371 
790000 -11.1411 
791000 -11.1452 
792000 -11.1493 
793000 -11.1533 
794000 -11.1574 
795000 -11.1614 
796000 -11.1655 
797000 -11.1695 
798000 -11.1735 
799000 -11.1775 
800000 -11.1816 
801000 -11.1856 
802000 -11.1896 
803000 -11.1936 
804000 -11.1976 
805000 -11.2016 
806000 -11.2056 
807000 -11.2096 
808000 -11.2136 
809000 -11.2175 
810000 -11.2215 
811000 -11.2255 
812000 -11.2294 
813000 -11.2334 
814000 -11.2373 
815000 -11.2413 
816000 -11.2452 
817000 -11.2492 
818000 -11.2531 
819000 -11.257 
820000 -11.261 
821000 -11.2649 
822000 -11.2688 
823000 -11.2727 
824000 -11.2766 
825000 -11.2805 
826000 -11.2844 
827000 -11.2883 
828000 -11.2922 
829000 -11.2961 
830000 -11.2999 
831000 -11.3038 
832000 -11.3077 
833000 -11.3115 
834000 -11.3154 
835000 -11.3193 
836000 -11.3231 
837000 -11.327 
838000 -11.3308 
839000 -11.3346 
840000 -11.3385 
841000 -11.3423 
842000 -11.3461 
843000 -11.3499 
844000 -11.3537 
845000 -11.3575 
846000 -11.3614 
847000 -11.3652 
848000 -11.369 
849000 -11.3727 
850000 -11.3765 
851000 -11.3803 
852000 -11.3841 
853000 -11.3879 
854000 -11.3916 
855000 -11.3954 
856000 -11.3992 
857000 -11.4029 
858000 -11.4067 
859000 -11.4104 
860000 -11.4142 
861000 -11.4179 
862000 -11.4216 
863000 -11.4254 
864000 -11.4291 
865000 -11.4328 
866000 -11.4365 
867000 -11.4402 
868000 -11.444 
869000 -11.4477 
870000 -11.4514 
871000 -11.4551 
872000 -11.4588 
873000 -11.4624 
874000 -11.4661 
875000 -11.4698 
876000 -11.4735 
877000 -11.4772 
878000 -11.4808 
879000 -11.4845 
880000 -11.4881 
881000 -11.4918 
882000 -11.4955 
883000 -11.4991 
884000 -11.5027 
885000 -11.5064 
886000 -11.51 
887000 -11.5136 
888000 -11.5173 
889000 -11.5209 
890000 -11.5245 
891000 -11.5281 
892000 -11.5317 
893000 -11.5353 
894000 -11.5389 
895000 -11.5425 
896000 -11.5461 
897000 -11.5497 
898000 -11.5533 
899000 -11.5569 
900000 -11.5605 
901000 -11.5641 
902000 -11.5676 
903000 -11.5712 
904000 -11.5748 
905000 -11.5783 
906000 -11.5819 
907000 -11.5854 
908000 -11.589 
909000 -11.5925 
910000 -11.5961 
911000 -11.5996 
912000 -11.6031 
913000 -11.6067 
914000 -11.6102 
915000 -11.6137 
916000 -11.6172 
917000 -11.6207 
918000 -11.6242 
919000 -11.6277 
920000 -11.6313 
921000 -11.6348 
922000 -11.6382 
923000 -11.6417 
924000 -11.6452 
925000 -11.6487 
926000 -11.6522 
927000 -11.6557 
928000 -11.6591 
929000 -11.6626 
930000 -11.6661 
931000 -11.6695 
932000 -11.673 
933000 -11.6764 
934000 -11.6799 
935000 -11.6833 
936000 -11.6868 
937000 -11.6902 
938000 -11.6937 
939000 -11.6971 
940000 -11.7005 
941000 -11.7039 
942000 -11.7074 
943000 -11.7108 
944000 -11.7142 
945000 -11.7176 
946000 -11.721 
947000 -11.7244 
948000 -11.7278 
949000 -11.7312 
950000 -11.7346 
951000 -11.738 
952000 -11.7414 
953000 -11.7448 
954000 -11.7481 
955000 -11.7515 
956000 -11.7549 
957000 -11.7583 
958000 -11.7616 
959000 -11.765 
960000 -11.7683 
961000 -11.7717 
962000 -11.775 
963000 -11.7784 
964000 -11.7817 
965000 -11.7851 
966000 -11.7884 
967000 -11.7917 
968000 -11.7951 
969000 -11.7984 
970000 -11.8017 
971000 -11.805 
972000 -11.8084 
973000 -11.8117 
974000 -11.815 
975000 -11.8183 
976000 -11.8216 
977000 -11.8249 
978000 -11.8282 
979000 -11.8315 
980000 -11.8348 
981000 -11.8381 
982000 -11.8413 
983000 -11.8446 
984000 -11.8479 
985000 -11.8512 
986000 -11.8544 
987000 -11.8577 
988000 -11.861 
989000 -11.8642 
990000 -11.8675 
991000 -11.8707 
992000 -11.874 
993000 -11.8772 
994000 -11.8805 
995000 -11.8837 
996000 -11.887 
997000 -11.8902 
998000 -11.8934 
999000 -11.8967 
1e+06 -11.8999 
