1000 -18.8001 
2000 -6.4224 
3000 -2.87905 
4000 -1.42099 
5000 -0.743101 
6000 -0.424589 
7000 -0.292235 
8000 -0.263583 
9000 -0.295423 
10000 -0.363511 
11000 -0.453556 
12000 -0.556798 
13000 -0.667708 
14000 -0.782725 
15000 -0.899519 
16000 -1.01655 
17000 -1.13279 
18000 -1.24758 
19000 -1.36047 
20000 -1.47118 
21000 -1.57956 
22000 -1.68552 
23000 -1.78902 
24000 -1.89006 
25000 -1.98867 
26000 -2.08491 
27000 -2.17883 
28000 -2.2705 
29000 -2.35999 
30000 -2.44736 
31000 -2.5327 
32000 -2.61608 
33000 -2.69756 
34000 -2.77722 
35000 -2.85513 
36000 -2.93135 
37000 -3.00594 
38000 -3.07897 
39000 -3.15049 
40000 -3.22056 
41000 -3.28923 
42000 -3.35655 
43000 -3.42257 
44000 -3.48733 
45000 -3.55089 
46000 -3.61327 
47000 -3.67452 
48000 -3.73469 
49000 -3.7938 
50000 -3.85189 
51000 -3.90899 
52000 -3.96513 
53000 -4.02035 
54000 -4.07468 
55000 -4.12813 
56000 -4.18075 
57000 -4.23254 
58000 -4.28355 
59000 -4.33378 
60000 -4.38327 
61000 -4.43203 
62000 -4.48009 
63000 -4.52745 
64000 -4.57416 
65000 -4.62021 
66000 -4.66563 
67000 -4.71044 
68000 -4.75465 
69000 -4.79828 
70000 -4.84133 
71000 -4.88384 
72000 -4.9258 
73000 -4.96724 
74000 -5.00816 
75000 -5.04858 
76000 -5.08851 
77000 -5.12797 
78000 -5.16695 
79000 -5.20548 
80000 -5.24357 
81000 -5.28122 
82000 -5.31844 
83000 -5.35525 
84000 -5.39165 
85000 -5.42765 
86000 -5.46326 
87000 -5.49849 
88000 -5.53335 
89000 -5.56784 
90000 -5.60197 
91000 -5.63575 
92000 -5.66918 
93000 -5.70228 
94000 -5.73505 
95000 -5.7675 
96000 -5.79962 
97000 -5.83144 
98000 -5.86295 
99000 -5.89416 
100000 -5.92508 
101000 -5.9557 
102000 -5.98605 
103000 -6.01611 
104000 -6.0459 
105000 -6.07543 
106000 -6.10469 
107000 -6.13369 
108000 -6.16243 
109000 -6.19093 
110000 -6.21918 
111000 -6.24719 
112000 -6.27496 
113000 -6.30249 
114000 -6.3298 
115000 -6.35688 
116000 -6.38374 
117000 -6.41038 
118000 -6.43681 
119000 -6.46302 
120000 -6.48903 
121000 -6.51483 
122000 -6.54043 
123000 -6.56583 
124000 -6.59103 
125000 -6.61604 
126000 -6.64086 
127000 -6.6655 
128000 -6.68995 
129000 -6.71422 
130000 -6.73831 
131000 -6.76222 
132000 -6.78596 
133000 -6.80953 
134000 -6.83293 
135000 -6.85616 
136000 -6.87923 
137000 -6.90214 
138000 -6.92489 
139000 -6.94748 
140000 -6.96992 
141000 -6.9922 
142000 -7.01433 
143000 -7.03632 
144000 -7.05815 
145000 -7.07984 
146000 -7.10139 
147000 -7.1228 
148000 -7.14407 
149000 -7.1652 
150000 -7.18619 
151000 -7.20705 
152000 -7.22778 
153000 -7.24838 
154000 -7.26884 
155000 -7.28919 
156000 -7.3094 
157000 -7.32949 
158000 -7.34946 
159000 -7.3693 
160000 -7.38903 
161000 -7.40864 
162000 -7.42813 
163000 -7.4475 
164000 -7.46676 
165000 -7.48591 
166000 -7.50495 
167000 -7.52387 
168000 -7.54269 
169000 -7.5614 
170000 -7.58 
171000 -7.5985 
172000 -7.61689 
173000 -7.63518 
174000 -7.65337 
175000 -7.67145 
176000 -7.68944 
177000 -7.70733 
178000 -7.72512 
179000 -7.74281 
180000 -7.76041 
181000 -7.77792 
182000 -7.79533 
183000 -7.81265 
184000 -7.82987 
185000 -7.84701 
186000 -7.86406 
187000 -7.88102 
188000 -7.89789 
189000 -7.91467 
190000 -7.93137 
191000 -7.94798 
192000 -7.96451 
193000 -7.98096 
194000 -7.99732 
195000 -8.0136 
196000 -8.02981 
197000 -8.04593 
198000 -8.06197 
199000 -8.07793 
200000 -8.09382 
201000 -8.10962 
202000 -8.12536 
203000 -8.14101 
204000 -8.15659 
205000 -8.1721 
206000 -8.18754 
207000 -8.2029 
208000 -8.21819 
209000 -8.23341 
210000 -8.24855 
211000 -8.26363 
212000 -8.27864 
213000 -8.29358 
214000 -8.30845 
215000 -8.32325 
216000 -8.33799 
217000 -8.35266 
218000 -8.36727 
219000 -8.38181 
220000 -8.39628 
221000 -8.41069 
222000 -8.42504 
223000 -8.43932 
224000 -8.45355 
225000 -8.46771 
226000 -8.48181 
227000 -8.49585 
228000 -8.50983 
229000 -8.52375 
230000 -8.53761 
231000 -8.55141 
232000 -8.56515 
233000 -8.57884 
234000 -8.59246 
235000 -8.60604 
236000 -8.61955 
237000 -8.63301 
238000 -8.64641 
239000 -8.65976 
240000 -8.67306 
241000 -8.6863 
242000 -8.69949 
243000 -8.71262 
244000 -8.7257 
245000 -8.73873 
246000 -8.75171 
247000 -8.76464 
248000 -8.77751 
249000 -8.79033 
250000 -8.80311 
251000 -8.81583 
252000 -8.82851 
253000 -8.84113 
254000 -8.85371 
255000 -8.86624 
256000 -8.87872 
257000 -8.89115 
258000 -8.90354 
259000 -8.91588 
260000 -8.92817 
261000 -8.94042 
262000 -8.95262 
263000 -8.96477 
264000 -8.97688 
265000 -8.98895 
266000 -9.00097 
267000 -9.01294 
268000 -9.02487 
269000 -9.03676 
270000 -9.04861 
271000 -9.06041 
272000 -9.07217 
273000 -9.08389 
274000 -9.09557 
275000 -9.1072 
276000 -9.11879 
277000 -9.13035 
278000 -9.14186 
279000 -9.15333 
280000 -9.16476 
281000 -9.17615 
282000 -9.1875 
283000 -9.19881 
284000 -9.21008 
285000 -9.22132 
286000 -9.23251 
287000 -9.24367 
288000 -9.25478 
289000 -9.26587 
290000 -9.27691 
291000 -9.28791 
292000 -9.29888 
293000 -9.30982 
294000 -9.32071 
295000 -9.33157 
296000 -9.34239 
297000 -9.35318 
298000 -9.36393 
299000 -9.37465 
300000 -9.38533 
301000 -9.39598 
302000 -9.40659 
303000 -9.41716 
304000 -9.42771 
305000 -9.43822 
306000 -9.44869 
307000 -9.45913 
308000 -9.46954 
309000 -9.47992 
310000 -9.49026 
311000 -9.50057 
312000 -9.51085 
313000 -9.52109 
314000 -9.5313 
315000 -9.54148 
316000 -9.55163 
317000 -9.56175 
318000 -9.57184 
319000 -9.58189 
320000 -9.59192 
321000 -9.60191 
322000 -9.61187 
323000 -9.6218 
324000 -9.63171 
325000 -9.64158 
326000 -9.65142 
327000 -9.66123 
328000 -9.67102 
329000 -9.68077 
330000 -9.6905 
331000 -9.70019 
332000 -9.70986 
333000 -9.7195 
334000 -9.72911 
335000 -9.73869 
336000 -9.74825 
337000 -9.75777 
338000 -9.76727 
339000 -9.77674 
340000 -9.78618 
341000 -9.7956 
342000 -9.80499 
343000 -9.81435 
344000 -9.82369 
345000 -9.83299 
346000 -9.84228 
347000 -9.85153 
348000 -9.86076 
349000 -9.86996 
350000 -9.87914 
351000 -9.88829 
352000 -9.89742 
353000 -9.90652 
354000 -9.91559 
355000 -9.92464 
356000 -9.93367 
357000 -9.94267 
358000 -9.95164 
359000 -9.96059 
360000 -9.96952 
361000 -9.97842 
362000 -9.9873 
363000 -9.99615 
364000 -10.005 
365000 -10.0138 
366000 -10.0226 
367000 -10.0313 
368000 -10.0401 
369000 -10.0488 
370000 -10.0575 
371000 -10.0661 
372000 -10.0748 
373000 -10.0834 
374000 -10.092 
375000 -10.1006 
376000 -10.1091 
377000 -10.1176 
378000 -10.1261 
379000 -10.1346 
380000 -10.1431 
381000 -10.1515 
382000 -10.1599 
383000 -10.1683 
384000 -10.1767 
385000 -10.1851 
386000 -10.1934 
387000 -10.2017 
388000 -10.21 
389000 -10.2183 
390000 -10.2265 
391000 -10.2348 
392000 -10.243 
393000 -10.2511 
394000 -10.2593 
395000 -10.2675 
396000 -10.2756 
397000 -10.2837 
398000 -10.2918 
399000 -10.2998 
400000 -10.3079 
401000 -10.3159 
402000 -10.3239 
403000 -10.3319 
404000 -10.3399 
405000 -10.3478 
406000 -10.3557 
407000 -10.3636 
408000 -10.3715 
409000 -10.3794 
410000 -10.3872 
411000 -10.3951 
412000 -10.4029 
413000 -10.4107 
414000 -10.4185 
415000 -10.4262 
416000 -10.434 
417000 -10.4417 
418000 -10.4494 
419000 -10.4571 
420000 -10.4647 
421000 -10.4724 
422000 -10.48 
423000 -10.4876 
424000 -10.4952 
425000 -10.5028 
426000 -10.5104 
427000 -10.5179 
428000 -10.5254 
429000 -10.5329 
430000 -10.5404 
431000 -10.5479 
432000 -10.5553 
433000 -10.5628 
434000 -10.5702 
435000 -10.5776 
436000 -10.585 
437000 -10.5924 
438000 -10.5997 
439000 -10.6071 
440000 -10.6144 
441000 -10.6217 
442000 -10.629 
443000 -10.6362 
444000 -10.6435 
445000 -10.6507 
446000 -10.658 
447000 -10.6652 
448000 -10.6724 
449000 -10.6795 
450000 -10.6867 
451000 -10.6938 
452000 -10.701 
453000 -10.7081 
454000 -10.7152 
455000 -10.7223 
456000 -10.7293 
457000 -10.7364 
458000 -10.7434 
459000 -10.7504 
460000 -10.7575 
461000 -10.7644 
462000 -10.7714 
463000 -10.7784 
464000 -10.7853 
465000 -10.7923 
466000 -10.7992 
467000 -10.8061 
468000 -10.813 
469000 -10.8198 
470000 -10.8267 
471000 -10.8335 
472000 -10.8404 
473000 -10.8472 
474000 -10.854 
475000 -10.8608 
476000 -10.8676 
477000 -10.8743 
478000 -10.8811 
479000 -10.8878 
480000 -10.8945 
481000 -10.9012 
482000 -10.9079 
483000 -10.9146 
484000 -10.9212 
485000 -10.9279 
486000 -10.9345 
487000 -10.9412 
488000 -10.9478 
489000 -10.9544 
490000 -10.9609 
491000 -10.9675 
492000 -10.9741 
493000 -10.9806 
494000 -10.9871 
495000 -10.9936 
496000 -11.0002 
497000 -11.0066 
498000 -11.0131 
499000 -11.0196 
500000 -11.026 
501000 -11.0325 
502000 -11.0389 
503000 -11.0453 
504000 -11.0517 
505000 -11.0581 
506000 -11.0645 
507000 -11.0708 
508000 -11.0772 
509000 -11.0835 
510000 -11.0899 
511000 -11.0962 
512000 -11.1025 
513000 -11.1088 
514000 -11.115 
515000 -11.1213 
516000 -11.1276 
517000 -11.1338 
518000 -11.14 
519000 -11.1462 
520000 -11.1525 
521000 -11.1586 
522000 -11.1648 
523000 -11.171 
524000 -11.1772 
525000 -11.1833 
526000 -11.1894 
527000 -11.1956 
528000 -11.2017 
529000 -11.2078 
530000 -11.2139 
531000 -11.2199 
532000 -11.226 
533000 -11.2321 
534000 -11.2381 
535000 -11.2441 
536000 -11.2502 
537000 -11.2562 
538000 -11.2622 
539000 -11.2682 
540000 -11.2742 
541000 -11.2801 
542000 -11.2861 
543000 -11.292 
544000 -11.298 
545000 -11.3039 
546000 -11.3098 
547000 -11.3157 
548000 -11.3216 
549000 -11.3275 
550000 -11.3333 
551000 -11.3392 
552000 -11.345 
553000 -11.3509 
554000 -11.3567 
555000 -11.3625 
556000 -11.3683 
557000 -11.3741 
558000 -11.3799 
559000 -11.3857 
560000 -11.3915 
561000 -11.3972 
562000 -11.403 
563000 -11.4087 
564000 -11.4144 
565000 -11.4201 
566000 -11.4258 
567000 -11.4315 
568000 -11.4372 
569000 -11.4429 
570000 -11.4486 
571000 -11.4542 
572000 -11.4599 
573000 -11.4655 
574000 -11.4711 
575000 -11.4768 
576000 -11.4824 
577000 -11.488 
578000 -11.4936 
579000 -11.4991 
580000 -11.5047 
581000 -11.5103 
582000 -11.5158 
583000 -11.5213 
584000 -11.5269 
585000 -11.5324 
586000 -11.5379 
587000 -11.5434 
588000 -11.5489 
589000 -11.5544 
590000 -11.5599 
591000 -11.5653 
592000 -11.5708 
593000 -11.5762 
594000 -11.5817 
595000 -11.5871 
596000 -11.5925 
597000 -11.5979 
598000 -11.6034 
599000 -11.6087 
600000 -11.6141 
601000 -11.6195 
602000 -11.6249 
603000 -11.6302 
604000 -11.6356 
605000 -11.6409 
606000 -11.6463 
607000 -11.6516 
608000 -11.6569 
609000 -11.6622 
610000 -11.6675 
611000 -11.6728 
612000 -11.6781 
613000 -11.6833 
614000 -11.6886 
615000 -11.6939 
616000 -11.6991 
617000 -11.7043 
618000 -11.7096 
619000 -11.7148 
620000 -11.72 
621000 -11.7252 
622000 -11.7304 
623000 -11.7356 
624000 -11.7408 
625000 -11.7459 
626000 -11.7511 
627000 -11.7563 
628000 -11.7614 
629000 -11.7665 
630000 -11.7717 
631000 -11.7768 
632000 -11.7819 
633000 -11.787 
634000 -11.7921 
635000 -11.7972 
636000 -11.8023 
637000 -11.8074 
638000 -11.8124 
639000 -11.8175 
640000 -11.8225 
641000 -11.8276 
642000 -11.8326 
643000 -11.8377 
644000 -11.8427 
645000 -11.8477 
646000 -11.8527 
647000 -11.8577 
648000 -11.8627 
649000 -11.8677 
650000 -11.8726 
651000 -11.8776 
652000 -11.8826 
653000 -11.8875 
654000 -11.8925 
655000 -11.8974 
656000 -11.9023 
657000 -11.9072 
658000 -11.9122 
659000 -11.9171 
660000 -11.922 
661000 -11.9268 
662000 -11.9317 
663000 -11.9366 
664000 -11.9415 
665000 -11.9463 
666000 -11.9512 
667000 -11.956 
668000 -11.9609 
669000 -11.9657 
670000 -11.9705 
671000 -11.9754 
672000 -11.9802 
673000 -11.985 
674000 -11.9898 
675000 -11.9946 
676000 -11.9994 
677000 -12.0041 
678000 -12.0089 
679000 -12.0137 
680000 -12.0184 
681000 -12.0232 
682000 -12.0279 
683000 -12.0327 
684000 -12.0374 
685000 -12.0421 
686000 -12.0468 
687000 -12.0515 
688000 -12.0562 
689000 -12.0609 
690000 -12.0656 
691000 -12.0703 
692000 -12.075 
693000 -12.0796 
694000 -12.0843 
695000 -12.0889 
696000 -12.0936 
697000 -12.0982 
698000 -12.1029 
699000 -12.1075 
700000 -12.1121 
701000 -12.1167 
702000 -12.1213 
703000 -12.1259 
704000 -12.1305 
705000 -12.1351 
706000 -12.1397 
707000 -12.1443 
708000 -12.1489 
709000 -12.1534 
710000 -12.158 
711000 -12.1625 
712000 -12.1671 
713000 -12.1716 
714000 -12.1761 
715000 -12.1807 
716000 -12.1852 
717000 -12.1897 
718000 -12.1942 
719000 -12.1987 
720000 -12.2032 
721000 -12.2077 
722000 -12.2122 
723000 -12.2166 
724000 -12.2211 
725000 -12.2256 
726000 -12.23 
727000 -12.2345 
728000 -12.2389 
729000 -12.2434 
730000 -12.2478 
731000 -12.2522 
732000 -12.2566 
733000 -12.2611 
734000 -12.2655 
735000 -12.2699 
736000 -12.2743 
737000 -12.2787 
738000 -12.283 
739000 -12.2874 
740000 -12.2918 
741000 -12.2962 
742000 -12.3005 
743000 -12.3049 
744000 -12.3092 
745000 -12.3136 
746000 -12.3179 
747000 -12.3222 
748000 -12.3266 
749000 -12.3309 
750000 -12.3352 
751000 -12.3395 
752000 -12.3438 
753000 -12.3481 
754000 -12.3524 
755000 -12.3567 
756000 -12.361 
757000 -12.3652 
758000 -12.3695 
759000 -12.3738 
760000 -12.378 
761000 -12.3823 
762000 -12.3865 
763000 -12.3908 
764000 -12.395 
765000 -12.3992 
766000 -12.4035 
767000 -12.4077 
768000 -12.4119 
769000 -12.4161 
770000 -12.4203 
771000 -12.4245 
772000 -12.4287 
773000 -12.4329 
774000 -12.4371 
775000 -12.4413 
776000 -12.4454 
777000 -12.4496 
778000 -12.4538 
779000 -12.4579 
780000 -12.4621 
781000 -12.4662 
782000 -12.4703 
783000 -12.4745 
784000 -12.4786 
785000 -12.4827 
786000 -12.4869 
787000 -12.491 
788000 -12.4951 
789000 -12.4992 
790000 -12.5033 
791000 -12.5074 
792000 -12.5115 
793000 -12.5155 
794000 -12.5196 
795000 -12.5237 
796000 -12.5278 
797000 -12.5318 
798000 -12.5359 
799000 -12.5399 
800000 -12.544 
801000 -12.548 
802000 -12.5521 
803000 -12.5561 
804000 -12.5601 
805000 -12.5641 
806000 -12.5682 
807000 -12.5722 
808000 -12.5762 
809000 -12.5802 
810000 -12.5842 
811000 -12.5882 
812000 -12.5922 
813000 -12.5961 
814000 -12.6001 
815000 -12.6041 
816000 -12.6081 
817000 -12.612 
818000 -12.616 
819000 -12.6199 
820000 -12.6239 
821000 -12.6278 
822000 -12.6318 
823000 -12.6357 
824000 -12.6396 
825000 -12.6436 
826000 -12.6475 
827000 -12.6514 
828000 -12.6553 
829000 -12.6592 
830000 -12.6631 
831000 -12.667 
832000 -12.6709 
833000 -12.6748 
834000 -12.6787 
835000 -12.6825 
836000 -12.6864 
837000 -12.6903 
838000 -12.6942 
839000 -12.698 
840000 -12.7019 
841000 -12.7057 
842000 -12.7096 
843000 -12.7134 
844000 -12.7172 
845000 -12.7211 
846000 -12.7249 
847000 -12.7287 
848000 -12.7326 
849000 -12.7364 
850000 -12.7402 
851000 -12.744 
852000 -12.7478 
853000 -12.7516 
854000 -12.7554 
855000 -12.7592 
856000 -12.7629 
857000 -12.7667 
858000 -12.7705 
859000 -12.7743 
860000 -12.778 
861000 -12.7818 
862000 -12.7856 
863000 -12.7893 
864000 -12.7931 
865000 -12.7968 
866000 -12.8005 
867000 -12.8043 
868000 -12.808 
869000 -12.8117 
870000 -12.8155 
871000 -12.8192 
872000 -12.8229 
873000 -12.8266 
874000 -12.8303 
875000 -12.834 
876000 -12.8377 
877000 -12.8414 
878000 -12.8451 
879000 -12.8488 
880000 -12.8525 
881000 -12.8561 
882000 -12.8598 
883000 -12.8635 
884000 -12.8671 
885000 -12.8708 
886000 -12.8745 
887000 -12.8781 
888000 -12.8818 
889000 -12.8854 
890000 -12.889 
891000 -12.8927 
892000 -12.8963 
893000 -12.8999 
894000 -12.9036 
895000 -12.9072 
896000 -12.9108 
897000 -12.9144 
898000 -12.918 
899000 -12.9216 
900000 -12.9252 
901000 -12.9288 
902000 -12.9324 
903000 -12.936 
904000 -12.9396 
905000 -12.9432 
906000 -12.9467 
907000 -12.9503 
908000 -12.9539 
909000 -12.9574 
910000 -12.961 
911000 -12.9646 
912000 -12.9681 
913000 -12.9717 
914000 -12.9752 
915000 -12.9788 
916000 -12.9823 
917000 -12.9858 
918000 -12.9894 
919000 -12.9929 
920000 -12.9964 
921000 -12.9999 
922000 -13.0034 
923000 -13.0069 
924000 -13.0105 
925000 -13.014 
926000 -13.0175 
927000 -13.0209 
928000 -13.0244 
929000 -13.0279 
930000 -13.0314 
931000 -13.0349 
932000 -13.0384 
933000 -13.0418 
934000 -13.0453 
935000 -13.0488 
936000 -13.0522 
937000 -13.0557 
938000 -13.0592 
939000 -13.0626 
940000 -13.0661 
941000 -13.0695 
942000 -13.0729 
943000 -13.0764 
944000 -13.0798 
945000 -13.0832 
946000 -13.0867 
947000 -13.0901 
948000 -13.0935 
949000 -13.0969 
950000 -13.1003 
951000 -13.1037 
952000 -13.1071 
953000 -13.1105 
954000 -13.1139 
955000 -13.1173 
956000 -13.1207 
957000 -13.1241 
958000 -13.1275 
959000 -13.1309 
960000 -13.1342 
961000 -13.1376 
962000 -13.141 
963000 -13.1444 
964000 -13.1477 
965000 -13.1511 
966000 -13.1544 
967000 -13.1578 
968000 -13.1611 
969000 -13.1645 
970000 -13.1678 
971000 -13.1712 
972000 -13.1745 
973000 -13.1778 
974000 -13.1811 
975000 -13.1845 
976000 -13.1878 
977000 -13.1911 
978000 -13.1944 
979000 -13.1977 
980000 -13.201 
981000 -13.2043 
982000 -13.2076 
983000 -13.2109 
984000 -13.2142 
985000 -13.2175 
986000 -13.2208 
987000 -13.2241 
988000 -13.2274 
989000 -13.2307 
990000 -13.2339 
991000 -13.2372 
992000 -13.2405 
993000 -13.2437 
994000 -13.247 
995000 -13.2503 
996000 -13.2535 
997000 -13.2568 
998000 -13.26 
999000 -13.2633 
1e+06 -13.2665 
