1000 -12.7849 
2000 -3.56177 
3000 -1.16813 
4000 -0.319036 
5000 -0.0174053 
6000 0.0479416 
7000 0.000156696 
8000 -0.104774 
9000 -0.238627 
10000 -0.386681 
11000 -0.540819 
12000 -0.696401 
13000 -0.850737 
14000 -1.00228 
15000 -1.15019 
16000 -1.29401 
17000 -1.43352 
18000 -1.56869 
19000 -1.69956 
20000 -1.82626 
21000 -1.94892 
22000 -2.06771 
23000 -2.1828 
24000 -2.29437 
25000 -2.40257 
26000 -2.50758 
27000 -2.60956 
28000 -2.70866 
29000 -2.80501 
30000 -2.89875 
31000 -2.99 
32000 -3.07888 
33000 -3.1655 
34000 -3.24998 
35000 -3.33239 
36000 -3.41285 
37000 -3.49143 
38000 -3.56822 
39000 -3.64329 
40000 -3.71671 
41000 -3.78856 
42000 -3.8589 
43000 -3.92778 
44000 -3.99527 
45000 -4.06142 
46000 -4.12627 
47000 -4.18989 
48000 -4.2523 
49000 -4.31357 
50000 -4.37372 
51000 -4.43279 
52000 -4.49084 
53000 -4.54787 
54000 -4.60394 
55000 -4.65908 
56000 -4.71331 
57000 -4.76666 
58000 -4.81916 
59000 -4.87084 
60000 -4.92172 
61000 -4.97182 
62000 -5.02117 
63000 -5.0698 
64000 -5.11771 
65000 -5.16494 
66000 -5.2115 
67000 -5.2574 
68000 -5.30268 
69000 -5.34734 
70000 -5.3914 
71000 -5.43487 
72000 -5.47778 
73000 -5.52013 
74000 -5.56194 
75000 -5.60323 
76000 -5.644 
77000 -5.68428 
78000 -5.72406 
79000 -5.76336 
80000 -5.8022 
81000 -5.84059 
82000 -5.87853 
83000 -5.91604 
84000 -5.95312 
85000 -5.98978 
86000 -6.02604 
87000 -6.0619 
88000 -6.09738 
89000 -6.13247 
90000 -6.16719 
91000 -6.20155 
92000 -6.23554 
93000 -6.26919 
94000 -6.3025 
95000 -6.33547 
96000 -6.36811 
97000 -6.40043 
98000 -6.43243 
99000 -6.46413 
100000 -6.49551 
101000 -6.5266 
102000 -6.5574 
103000 -6.58791 
104000 -6.61814 
105000 -6.64808 
106000 -6.67776 
107000 -6.70717 
108000 -6.73632 
109000 -6.76521 
110000 -6.79385 
111000 -6.82224 
112000 -6.85038 
113000 -6.87828 
114000 -6.90595 
115000 -6.93338 
116000 -6.96059 
117000 -6.98757 
118000 -7.01433 
119000 -7.04087 
120000 -7.0672 
121000 -7.09332 
122000 -7.11923 
123000 -7.14494 
124000 -7.17044 
125000 -7.19575 
126000 -7.22086 
127000 -7.24579 
128000 -7.27052 
129000 -7.29506 
130000 -7.31943 
131000 -7.34361 
132000 -7.36762 
133000 -7.39145 
134000 -7.4151 
135000 -7.43859 
136000 -7.46191 
137000 -7.48506 
138000 -7.50805 
139000 -7.53088 
140000 -7.55355 
141000 -7.57607 
142000 -7.59843 
143000 -7.62063 
144000 -7.64269 
145000 -7.6646 
146000 -7.68637 
147000 -7.70798 
148000 -7.72946 
149000 -7.7508 
150000 -7.772 
151000 -7.79306 
152000 -7.81398 
153000 -7.83477 
154000 -7.85544 
155000 -7.87597 
156000 -7.89637 
157000 -7.91664 
158000 -7.93679 
159000 -7.95682 
160000 -7.97672 
161000 -7.99651 
162000 -8.01617 
163000 -8.03572 
164000 -8.05515 
165000 -8.07446 
166000 -8.09366 
167000 -8.11275 
168000 -8.13173 
169000 -8.1506 
170000 -8.16936 
171000 -8.18801 
172000 -8.20656 
173000 -8.225 
174000 -8.24333 
175000 -8.26157 
176000 -8.2797 
177000 -8.29774 
178000 -8.31567 
179000 -8.33351 
180000 -8.35124 
181000 -8.36889 
182000 -8.38643 
183000 -8.40389 
184000 -8.42125 
185000 -8.43852 
186000 -8.4557 
187000 -8.47278 
188000 -8.48978 
189000 -8.50669 
190000 -8.52352 
191000 -8.54025 
192000 -8.55691 
193000 -8.57347 
194000 -8.58996 
195000 -8.60636 
196000 -8.62267 
197000 -8.63891 
198000 -8.65507 
199000 -8.67115 
200000 -8.68714 
201000 -8.70306 
202000 -8.71891 
203000 -8.73467 
204000 -8.75036 
205000 -8.76598 
206000 -8.78152 
207000 -8.79698 
208000 -8.81238 
209000 -8.8277 
210000 -8.84295 
211000 -8.85813 
212000 -8.87323 
213000 -8.88827 
214000 -8.90324 
215000 -8.91814 
216000 -8.93297 
217000 -8.94774 
218000 -8.96244 
219000 -8.97707 
220000 -8.99164 
221000 -9.00614 
222000 -9.02058 
223000 -9.03496 
224000 -9.04927 
225000 -9.06352 
226000 -9.07771 
227000 -9.09183 
228000 -9.1059 
229000 -9.1199 
230000 -9.13385 
231000 -9.14773 
232000 -9.16156 
233000 -9.17533 
234000 -9.18904 
235000 -9.20269 
236000 -9.21629 
237000 -9.22982 
238000 -9.24331 
239000 -9.25674 
240000 -9.27011 
241000 -9.28343 
242000 -9.29669 
243000 -9.3099 
244000 -9.32306 
245000 -9.33616 
246000 -9.34921 
247000 -9.36221 
248000 -9.37516 
249000 -9.38805 
250000 -9.4009 
251000 -9.41369 
252000 -9.42644 
253000 -9.43913 
254000 -9.45178 
255000 -9.46438 
256000 -9.47693 
257000 -9.48943 
258000 -9.50188 
259000 -9.51428 
260000 -9.52664 
261000 -9.53895 
262000 -9.55122 
263000 -9.56344 
264000 -9.57561 
265000 -9.58774 
266000 -9.59982 
267000 -9.61186 
268000 -9.62386 
269000 -9.63581 
270000 -9.64771 
271000 -9.65958 
272000 -9.6714 
273000 -9.68318 
274000 -9.69491 
275000 -9.7066 
276000 -9.71826 
277000 -9.72987 
278000 -9.74143 
279000 -9.75296 
280000 -9.76445 
281000 -9.7759 
282000 -9.7873 
283000 -9.79867 
284000 -9.81 
285000 -9.82128 
286000 -9.83253 
287000 -9.84374 
288000 -9.85492 
289000 -9.86605 
290000 -9.87714 
291000 -9.8882 
292000 -9.89922 
293000 -9.91021 
294000 -9.92115 
295000 -9.93206 
296000 -9.94294 
297000 -9.95378 
298000 -9.96458 
299000 -9.97534 
300000 -9.98607 
301000 -9.99677 
302000 -10.0074 
303000 -10.0181 
304000 -10.0286 
305000 -10.0392 
306000 -10.0497 
307000 -10.0602 
308000 -10.0707 
309000 -10.0811 
310000 -10.0915 
311000 -10.1018 
312000 -10.1122 
313000 -10.1224 
314000 -10.1327 
315000 -10.1429 
316000 -10.1531 
317000 -10.1633 
318000 -10.1734 
319000 -10.1835 
320000 -10.1936 
321000 -10.2036 
322000 -10.2136 
323000 -10.2236 
324000 -10.2335 
325000 -10.2435 
326000 -10.2533 
327000 -10.2632 
328000 -10.273 
329000 -10.2828 
330000 -10.2926 
331000 -10.3023 
332000 -10.312 
333000 -10.3217 
334000 -10.3314 
335000 -10.341 
336000 -10.3506 
337000 -10.3601 
338000 -10.3697 
339000 -10.3792 
340000 -10.3887 
341000 -10.3981 
342000 -10.4075 
343000 -10.4169 
344000 -10.4263 
345000 -10.4357 
346000 -10.445 
347000 -10.4543 
348000 -10.4635 
349000 -10.4728 
350000 -10.482 
351000 -10.4912 
352000 -10.5003 
353000 -10.5095 
354000 -10.5186 
355000 -10.5277 
356000 -10.5367 
357000 -10.5458 
358000 -10.5548 
359000 -10.5638 
360000 -10.5727 
361000 -10.5816 
362000 -10.5906 
363000 -10.5994 
364000 -10.6083 
365000 -10.6171 
366000 -10.626 
367000 -10.6348 
368000 -10.6435 
369000 -10.6523 
370000 -10.661 
371000 -10.6697 
372000 -10.6784 
373000 -10.687 
374000 -10.6956 
375000 -10.7042 
376000 -10.7128 
377000 -10.7214 
378000 -10.7299 
379000 -10.7384 
380000 -10.7469 
381000 -10.7554 
382000 -10.7638 
383000 -10.7723 
384000 -10.7807 
385000 -10.7891 
386000 -10.7974 
387000 -10.8058 
388000 -10.8141 
389000 -10.8224 
390000 -10.8307 
391000 -10.8389 
392000 -10.8471 
393000 -10.8554 
394000 -10.8636 
395000 -10.8717 
396000 -10.8799 
397000 -10.888 
398000 -10.8961 
399000 -10.9042 
400000 -10.9123 
401000 -10.9203 
402000 -10.9284 
403000 -10.9364 
404000 -10.9444 
405000 -10.9524 
406000 -10.9603 
407000 -10.9682 
408000 -10.9762 
409000 -10.9841 
410000 -10.9919 
411000 -10.9998 
412000 -11.0076 
413000 -11.0154 
414000 -11.0232 
415000 -11.031 
416000 -11.0388 
417000 -11.0465 
418000 -11.0543 
419000 -11.062 
420000 -11.0697 
421000 -11.0773 
422000 -11.085 
423000 -11.0926 
424000 -11.1002 
425000 -11.1078 
426000 -11.1154 
427000 -11.123 
428000 -11.1305 
429000 -11.1381 
430000 -11.1456 
431000 -11.1531 
432000 -11.1606 
433000 -11.168 
434000 -11.1755 
435000 -11.1829 
436000 -11.1903 
437000 -11.1977 
438000 -11.2051 
439000 -11.2124 
440000 -11.2198 
441000 -11.2271 
442000 -11.2344 
443000 -11.2417 
444000 -11.249 
445000 -11.2563 
446000 -11.2635 
447000 -11.2707 
448000 -11.278 
449000 -11.2852 
450000 -11.2923 
451000 -11.2995 
452000 -11.3066 
453000 -11.3138 
454000 -11.3209 
455000 -11.328 
456000 -11.3351 
457000 -11.3422 
458000 -11.3492 
459000 -11.3563 
460000 -11.3633 
461000 -11.3703 
462000 -11.3773 
463000 -11.3843 
464000 -11.3913 
465000 -11.3982 
466000 -11.4051 
467000 -11.4121 
468000 -11.419 
469000 -11.4259 
470000 -11.4327 
471000 -11.4396 
472000 -11.4465 
473000 -11.4533 
474000 -11.4601 
475000 -11.4669 
476000 -11.4737 
477000 -11.4805 
478000 -11.4873 
479000 -11.494 
480000 -11.5007 
481000 -11.5075 
482000 -11.5142 
483000 -11.5209 
484000 -11.5276 
485000 -11.5342 
486000 -11.5409 
487000 -11.5475 
488000 -11.5541 
489000 -11.5608 
490000 -11.5674 
491000 -11.5739 
492000 -11.5805 
493000 -11.5871 
494000 -11.5936 
495000 -11.6002 
496000 -11.6067 
497000 -11.6132 
498000 -11.6197 
499000 -11.6262 
500000 -11.6326 
501000 -11.6391 
502000 -11.6455 
503000 -11.652 
504000 -11.6584 
505000 -11.6648 
506000 -11.6712 
507000 -11.6776 
508000 -11.6839 
509000 -11.6903 
510000 -11.6966 
511000 -11.703 
512000 -11.7093 
513000 -11.7156 
514000 -11.7219 
515000 -11.7282 
516000 -11.7344 
517000 -11.7407 
518000 -11.7469 
519000 -11.7532 
520000 -11.7594 
521000 -11.7656 
522000 -11.7718 
523000 -11.778 
524000 -11.7842 
525000 -11.7903 
526000 -11.7965 
527000 -11.8026 
528000 -11.8087 
529000 -11.8149 
530000 -11.821 
531000 -11.8271 
532000 -11.8331 
533000 -11.8392 
534000 -11.8453 
535000 -11.8513 
536000 -11.8574 
537000 -11.8634 
538000 -11.8694 
539000 -11.8754 
540000 -11.8814 
541000 -11.8874 
542000 -11.8934 
543000 -11.8993 
544000 -11.9053 
545000 -11.9112 
546000 -11.9171 
547000 -11.923 
548000 -11.9289 
549000 -11.9348 
550000 -11.9407 
551000 -11.9466 
552000 -11.9525 
553000 -11.9583 
554000 -11.9642 
555000 -11.97 
556000 -11.9758 
557000 -11.9816 
558000 -11.9874 
559000 -11.9932 
560000 -11.999 
561000 -12.0048 
562000 -12.0105 
563000 -12.0163 
564000 -12.022 
565000 -12.0277 
566000 -12.0335 
567000 -12.0392 
568000 -12.0449 
569000 -12.0506 
570000 -12.0562 
571000 -12.0619 
572000 -12.0676 
573000 -12.0732 
574000 -12.0789 
575000 -12.0845 
576000 -12.0901 
577000 -12.0957 
578000 -12.1013 
579000 -12.1069 
580000 -12.1125 
581000 -12.1181 
582000 -12.1236 
583000 -12.1292 
584000 -12.1347 
585000 -12.1403 
586000 -12.1458 
587000 -12.1513 
588000 -12.1568 
589000 -12.1623 
590000 -12.1678 
591000 -12.1733 
592000 -12.1788 
593000 -12.1842 
594000 -12.1897 
595000 -12.1951 
596000 -12.2005 
597000 -12.206 
598000 -12.2114 
599000 -12.2168 
600000 -12.2222 
601000 -12.2276 
602000 -12.233 
603000 -12.2383 
604000 -12.2437 
605000 -12.249 
606000 -12.2544 
607000 -12.2597 
608000 -12.265 
609000 -12.2704 
610000 -12.2757 
611000 -12.281 
612000 -12.2863 
613000 -12.2915 
614000 -12.2968 
615000 -12.3021 
616000 -12.3073 
617000 -12.3126 
618000 -12.3178 
619000 -12.3231 
620000 -12.3283 
621000 -12.3335 
622000 -12.3387 
623000 -12.3439 
624000 -12.3491 
625000 -12.3543 
626000 -12.3595 
627000 -12.3646 
628000 -12.3698 
629000 -12.3749 
630000 -12.3801 
631000 -12.3852 
632000 -12.3903 
633000 -12.3955 
634000 -12.4006 
635000 -12.4057 
636000 -12.4108 
637000 -12.4158 
638000 -12.4209 
639000 -12.426 
640000 -12.4311 
641000 -12.4361 
642000 -12.4412 
643000 -12.4462 
644000 -12.4512 
645000 -12.4562 
646000 -12.4613 
647000 -12.4663 
648000 -12.4713 
649000 -12.4763 
650000 -12.4812 
651000 -12.4862 
652000 -12.4912 
653000 -12.4962 
654000 -12.5011 
655000 -12.5061 
656000 -12.511 
657000 -12.5159 
658000 -12.5208 
659000 -12.5258 
660000 -12.5307 
661000 -12.5356 
662000 -12.5405 
663000 -12.5454 
664000 -12.5502 
665000 -12.5551 
666000 -12.56 
667000 -12.5648 
668000 -12.5697 
669000 -12.5745 
670000 -12.5794 
671000 -12.5842 
672000 -12.589 
673000 -12.5938 
674000 -12.5986 
675000 -12.6034 
676000 -12.6082 
677000 -12.613 
678000 -12.6178 
679000 -12.6226 
680000 -12.6273 
681000 -12.6321 
682000 -12.6368 
683000 -12.6416 
684000 -12.6463 
685000 -12.6511 
686000 -12.6558 
687000 -12.6605 
688000 -12.6652 
689000 -12.6699 
690000 -12.6746 
691000 -12.6793 
692000 -12.684 
693000 -12.6887 
694000 -12.6933 
695000 -12.698 
696000 -12.7026 
697000 -12.7073 
698000 -12.7119 
699000 -12.7166 
700000 -12.7212 
701000 -12.7258 
702000 -12.7304 
703000 -12.7351 
704000 -12.7397 
705000 -12.7443 
706000 -12.7489 
707000 -12.7534 
708000 -12.758 
709000 -12.7626 
710000 -12.7672 
711000 -12.7717 
712000 -12.7763 
713000 -12.7808 
714000 -12.7853 
715000 -12.7899 
716000 -12.7944 
717000 -12.7989 
718000 -12.8034 
719000 -12.808 
720000 -12.8125 
721000 -12.817 
722000 -12.8214 
723000 -12.8259 
724000 -12.8304 
725000 -12.8349 
726000 -12.8393 
727000 -12.8438 
728000 -12.8482 
729000 -12.8527 
730000 -12.8571 
731000 -12.8616 
732000 -12.866 
733000 -12.8704 
734000 -12.8748 
735000 -12.8792 
736000 -12.8837 
737000 -12.8881 
738000 -12.8924 
739000 -12.8968 
740000 -12.9012 
741000 -12.9056 
742000 -12.91 
743000 -12.9143 
744000 -12.9187 
745000 -12.923 
746000 -12.9274 
747000 -12.9317 
748000 -12.9361 
749000 -12.9404 
750000 -12.9447 
751000 -12.949 
752000 -12.9533 
753000 -12.9576 
754000 -12.9619 
755000 -12.9662 
756000 -12.9705 
757000 -12.9748 
758000 -12.9791 
759000 -12.9834 
760000 -12.9876 
761000 -12.9919 
762000 -12.9961 
763000 -13.0004 
764000 -13.0046 
765000 -13.0089 
766000 -13.0131 
767000 -13.0173 
768000 -13.0215 
769000 -13.0258 
770000 -13.03 
771000 -13.0342 
772000 -13.0384 
773000 -13.0426 
774000 -13.0468 
775000 -13.051 
776000 -13.0551 
777000 -13.0593 
778000 -13.0635 
779000 -13.0676 
780000 -13.0718 
781000 -13.0759 
782000 -13.0801 
783000 -13.0842 
784000 -13.0884 
785000 -13.0925 
786000 -13.0966 
787000 -13.1007 
788000 -13.1049 
789000 -13.109 
790000 -13.1131 
791000 -13.1172 
792000 -13.1213 
793000 -13.1254 
794000 -13.1294 
795000 -13.1335 
796000 -13.1376 
797000 -13.1417 
798000 -13.1457 
799000 -13.1498 
800000 -13.1538 
801000 -13.1579 
802000 -13.1619 
803000 -13.166 
804000 -13.17 
805000 -13.174 
806000 -13.1781 
807000 -13.1821 
808000 -13.1861 
809000 -13.1901 
810000 -13.1941 
811000 -13.1981 
812000 -13.2021 
813000 -13.2061 
814000 -13.2101 
815000 -13.2141 
816000 -13.218 
817000 -13.222 
818000 -13.226 
819000 -13.2299 
820000 -13.2339 
821000 -13.2378 
822000 -13.2418 
823000 -13.2457 
824000 -13.2497 
825000 -13.2536 
826000 -13.2575 
827000 -13.2614 
828000 -13.2653 
829000 -13.2693 
830000 -13.2732 
831000 -13.2771 
832000 -13.281 
833000 -13.2849 
834000 -13.2888 
835000 -13.2926 
836000 -13.2965 
837000 -13.3004 
838000 -13.3043 
839000 -13.3081 
840000 -13.312 
841000 -13.3159 
842000 -13.3197 
843000 -13.3236 
844000 -13.3274 
845000 -13.3312 
846000 -13.3351 
847000 -13.3389 
848000 -13.3427 
849000 -13.3465 
850000 -13.3504 
851000 -13.3542 
852000 -13.358 
853000 -13.3618 
854000 -13.3656 
855000 -13.3694 
856000 -13.3732 
857000 -13.377 
858000 -13.3807 
859000 -13.3845 
860000 -13.3883 
861000 -13.392 
862000 -13.3958 
863000 -13.3996 
864000 -13.4033 
865000 -13.4071 
866000 -13.4108 
867000 -13.4146 
868000 -13.4183 
869000 -13.422 
870000 -13.4258 
871000 -13.4295 
872000 -13.4332 
873000 -13.4369 
874000 -13.4406 
875000 -13.4443 
876000 -13.448 
877000 -13.4517 
878000 -13.4554 
879000 -13.4591 
880000 -13.4628 
881000 -13.4665 
882000 -13.4702 
883000 -13.4739 
884000 -13.4775 
885000 -13.4812 
886000 -13.4849 
887000 -13.4885 
888000 -13.4922 
889000 -13.4958 
890000 -13.4995 
891000 -13.5031 
892000 -13.5067 
893000 -13.5104 
894000 -13.514 
895000 -13.5176 
896000 -13.5212 
897000 -13.5249 
898000 -13.5285 
899000 -13.5321 
900000 -13.5357 
901000 -13.5393 
902000 -13.5429 
903000 -13.5465 
904000 -13.5501 
905000 -13.5537 
906000 -13.5572 
907000 -13.5608 
908000 -13.5644 
909000 -13.568 
910000 -13.5715 
911000 -13.5751 
912000 -13.5786 
913000 -13.5822 
914000 -13.5858 
915000 -13.5893 
916000 -13.5928 
917000 -13.5964 
918000 -13.5999 
919000 -13.6034 
920000 -13.607 
921000 -13.6105 
922000 -13.614 
923000 -13.6175 
924000 -13.621 
925000 -13.6246 
926000 -13.6281 
927000 -13.6316 
928000 -13.6351 
929000 -13.6385 
930000 -13.642 
931000 -13.6455 
932000 -13.649 
933000 -13.6525 
934000 -13.656 
935000 -13.6594 
936000 -13.6629 
937000 -13.6664 
938000 -13.6698 
939000 -13.6733 
940000 -13.6767 
941000 -13.6802 
942000 -13.6836 
943000 -13.6871 
944000 -13.6905 
945000 -13.6939 
946000 -13.6974 
947000 -13.7008 
948000 -13.7042 
949000 -13.7076 
950000 -13.711 
951000 -13.7145 
952000 -13.7179 
953000 -13.7213 
954000 -13.7247 
955000 -13.7281 
956000 -13.7315 
957000 -13.7349 
958000 -13.7382 
959000 -13.7416 
960000 -13.745 
961000 -13.7484 
962000 -13.7518 
963000 -13.7551 
964000 -13.7585 
965000 -13.7619 
966000 -13.7652 
967000 -13.7686 
968000 -13.7719 
969000 -13.7753 
970000 -13.7786 
971000 -13.782 
972000 -13.7853 
973000 -13.7886 
974000 -13.792 
975000 -13.7953 
976000 -13.7986 
977000 -13.802 
978000 -13.8053 
979000 -13.8086 
980000 -13.8119 
981000 -13.8152 
982000 -13.8185 
983000 -13.8218 
984000 -13.8251 
985000 -13.8284 
986000 -13.8317 
987000 -13.835 
988000 -13.8383 
989000 -13.8416 
990000 -13.8448 
991000 -13.8481 
992000 -13.8514 
993000 -13.8547 
994000 -13.8579 
995000 -13.8612 
996000 -13.8644 
997000 -13.8677 
998000 -13.8709 
999000 -13.8742 
1e+06 -13.8774 
