1000 -9.21036 
2000 -2.02245 
3000 -0.328489 
4000 0.166518 
5000 0.257634 
6000 0.185679 
7000 0.0425357 
8000 -0.131744 
9000 -0.318159 
10000 -0.507233 
11000 -0.694129 
12000 -0.876391 
13000 -1.05283 
14000 -1.22296 
15000 -1.38667 
16000 -1.54408 
17000 -1.69538 
18000 -1.84085 
19000 -1.98082 
20000 -2.11561 
21000 -2.24551 
22000 -2.37082 
23000 -2.49179 
24000 -2.6087 
25000 -2.72179 
26000 -2.83126 
27000 -2.93734 
28000 -3.0402 
29000 -3.14004 
30000 -3.23701 
31000 -3.33127 
32000 -3.42296 
33000 -3.5122 
34000 -3.59912 
35000 -3.68384 
36000 -3.76646 
37000 -3.84708 
38000 -3.92579 
39000 -4.00268 
40000 -4.07782 
41000 -4.1513 
42000 -4.22318 
43000 -4.29354 
44000 -4.36242 
45000 -4.4299 
46000 -4.49603 
47000 -4.56086 
48000 -4.62443 
49000 -4.6868 
50000 -4.74802 
51000 -4.80811 
52000 -4.86713 
53000 -4.92511 
54000 -4.98208 
55000 -5.03808 
56000 -5.09314 
57000 -5.14729 
58000 -5.20057 
59000 -5.25299 
60000 -5.30459 
61000 -5.35539 
62000 -5.40541 
63000 -5.45468 
64000 -5.50323 
65000 -5.55106 
66000 -5.59821 
67000 -5.64468 
68000 -5.69051 
69000 -5.7357 
70000 -5.78028 
71000 -5.82426 
72000 -5.86766 
73000 -5.91049 
74000 -5.95276 
75000 -5.9945 
76000 -6.03571 
77000 -6.0764 
78000 -6.1166 
79000 -6.15631 
80000 -6.19554 
81000 -6.23431 
82000 -6.27262 
83000 -6.31049 
84000 -6.34793 
85000 -6.38494 
86000 -6.42153 
87000 -6.45772 
88000 -6.49352 
89000 -6.52893 
90000 -6.56395 
91000 -6.59861 
92000 -6.6329 
93000 -6.66684 
94000 -6.70042 
95000 -6.73367 
96000 -6.76658 
97000 -6.79916 
98000 -6.83142 
99000 -6.86336 
100000 -6.895 
101000 -6.92633 
102000 -6.95736 
103000 -6.9881 
104000 -7.01855 
105000 -7.04873 
106000 -7.07862 
107000 -7.10825 
108000 -7.1376 
109000 -7.1667 
110000 -7.19554 
111000 -7.22413 
112000 -7.25246 
113000 -7.28056 
114000 -7.30841 
115000 -7.33603 
116000 -7.36342 
117000 -7.39058 
118000 -7.41751 
119000 -7.44423 
120000 -7.47072 
121000 -7.49701 
122000 -7.52308 
123000 -7.54895 
124000 -7.57461 
125000 -7.60008 
126000 -7.62534 
127000 -7.65041 
128000 -7.67529 
129000 -7.69999 
130000 -7.72449 
131000 -7.74882 
132000 -7.77296 
133000 -7.79693 
134000 -7.82072 
135000 -7.84434 
136000 -7.86779 
137000 -7.89107 
138000 -7.91419 
139000 -7.93714 
140000 -7.95993 
141000 -7.98257 
142000 -8.00505 
143000 -8.02737 
144000 -8.04955 
145000 -8.07157 
146000 -8.09345 
147000 -8.11518 
148000 -8.13676 
149000 -8.15821 
150000 -8.17951 
151000 -8.20068 
152000 -8.22171 
153000 -8.2426 
154000 -8.26337 
155000 -8.284 
156000 -8.3045 
157000 -8.32487 
158000 -8.34512 
159000 -8.36524 
160000 -8.38523 
161000 -8.40511 
162000 -8.42487 
163000 -8.4445 
164000 -8.46402 
165000 -8.48342 
166000 -8.50271 
167000 -8.52189 
168000 -8.54095 
169000 -8.5599 
170000 -8.57874 
171000 -8.59747 
172000 -8.6161 
173000 -8.63462 
174000 -8.65304 
175000 -8.67135 
176000 -8.68956 
177000 -8.70767 
178000 -8.72568 
179000 -8.74359 
180000 -8.7614 
181000 -8.77912 
182000 -8.79674 
183000 -8.81426 
184000 -8.83169 
185000 -8.84903 
186000 -8.86628 
187000 -8.88343 
188000 -8.9005 
189000 -8.91748 
190000 -8.93437 
191000 -8.95117 
192000 -8.96788 
193000 -8.98451 
194000 -9.00106 
195000 -9.01752 
196000 -9.0339 
197000 -9.0502 
198000 -9.06642 
199000 -9.08255 
200000 -9.09861 
201000 -9.11459 
202000 -9.13049 
203000 -9.14631 
204000 -9.16206 
205000 -9.17773 
206000 -9.19333 
207000 -9.20885 
208000 -9.2243 
209000 -9.23967 
210000 -9.25498 
211000 -9.27021 
212000 -9.28537 
213000 -9.30046 
214000 -9.31548 
215000 -9.33043 
216000 -9.34532 
217000 -9.36013 
218000 -9.37488 
219000 -9.38956 
220000 -9.40418 
221000 -9.41873 
222000 -9.43322 
223000 -9.44764 
224000 -9.462 
225000 -9.4763 
226000 -9.49053 
227000 -9.5047 
228000 -9.51881 
229000 -9.53286 
230000 -9.54685 
231000 -9.56078 
232000 -9.57465 
233000 -9.58846 
234000 -9.60221 
235000 -9.61591 
236000 -9.62955 
237000 -9.64313 
238000 -9.65665 
239000 -9.67012 
240000 -9.68354 
241000 -9.69689 
242000 -9.7102 
243000 -9.72345 
244000 -9.73664 
245000 -9.74979 
246000 -9.76288 
247000 -9.77591 
248000 -9.7889 
249000 -9.80183 
250000 -9.81472 
251000 -9.82755 
252000 -9.84033 
253000 -9.85306 
254000 -9.86575 
255000 -9.87838 
256000 -9.89096 
257000 -9.9035 
258000 -9.91599 
259000 -9.92843 
260000 -9.94082 
261000 -9.95317 
262000 -9.96547 
263000 -9.97772 
264000 -9.98993 
265000 -10.0021 
266000 -10.0142 
267000 -10.0263 
268000 -10.0383 
269000 -10.0503 
270000 -10.0622 
271000 -10.0741 
272000 -10.086 
273000 -10.0978 
274000 -10.1095 
275000 -10.1213 
276000 -10.133 
277000 -10.1446 
278000 -10.1562 
279000 -10.1678 
280000 -10.1793 
281000 -10.1907 
282000 -10.2022 
283000 -10.2136 
284000 -10.2249 
285000 -10.2362 
286000 -10.2475 
287000 -10.2588 
288000 -10.27 
289000 -10.2811 
290000 -10.2923 
291000 -10.3033 
292000 -10.3144 
293000 -10.3254 
294000 -10.3364 
295000 -10.3473 
296000 -10.3582 
297000 -10.3691 
298000 -10.3799 
299000 -10.3907 
300000 -10.4014 
301000 -10.4122 
302000 -10.4229 
303000 -10.4335 
304000 -10.4441 
305000 -10.4547 
306000 -10.4653 
307000 -10.4758 
308000 -10.4862 
309000 -10.4967 
310000 -10.5071 
311000 -10.5175 
312000 -10.5278 
313000 -10.5381 
314000 -10.5484 
315000 -10.5587 
316000 -10.5689 
317000 -10.5791 
318000 -10.5892 
319000 -10.5993 
320000 -10.6094 
321000 -10.6195 
322000 -10.6295 
323000 -10.6395 
324000 -10.6495 
325000 -10.6594 
326000 -10.6693 
327000 -10.6792 
328000 -10.6891 
329000 -10.6989 
330000 -10.7087 
331000 -10.7184 
332000 -10.7281 
333000 -10.7378 
334000 -10.7475 
335000 -10.7572 
336000 -10.7668 
337000 -10.7764 
338000 -10.7859 
339000 -10.7954 
340000 -10.8049 
341000 -10.8144 
342000 -10.8239 
343000 -10.8333 
344000 -10.8427 
345000 -10.852 
346000 -10.8614 
347000 -10.8707 
348000 -10.88 
349000 -10.8892 
350000 -10.8985 
351000 -10.9077 
352000 -10.9169 
353000 -10.926 
354000 -10.9351 
355000 -10.9442 
356000 -10.9533 
357000 -10.9624 
358000 -10.9714 
359000 -10.9804 
360000 -10.9894 
361000 -10.9983 
362000 -11.0073 
363000 -11.0162 
364000 -11.025 
365000 -11.0339 
366000 -11.0427 
367000 -11.0515 
368000 -11.0603 
369000 -11.0691 
370000 -11.0778 
371000 -11.0865 
372000 -11.0952 
373000 -11.1039 
374000 -11.1125 
375000 -11.1212 
376000 -11.1298 
377000 -11.1383 
378000 -11.1469 
379000 -11.1554 
380000 -11.1639 
381000 -11.1724 
382000 -11.1809 
383000 -11.1893 
384000 -11.1977 
385000 -11.2061 
386000 -11.2145 
387000 -11.2229 
388000 -11.2312 
389000 -11.2395 
390000 -11.2478 
391000 -11.2561 
392000 -11.2643 
393000 -11.2726 
394000 -11.2808 
395000 -11.289 
396000 -11.2971 
397000 -11.3053 
398000 -11.3134 
399000 -11.3215 
400000 -11.3296 
401000 -11.3377 
402000 -11.3457 
403000 -11.3537 
404000 -11.3617 
405000 -11.3697 
406000 -11.3777 
407000 -11.3856 
408000 -11.3936 
409000 -11.4015 
410000 -11.4094 
411000 -11.4173 
412000 -11.4251 
413000 -11.4329 
414000 -11.4408 
415000 -11.4485 
416000 -11.4563 
417000 -11.4641 
418000 -11.4718 
419000 -11.4795 
420000 -11.4873 
421000 -11.4949 
422000 -11.5026 
423000 -11.5103 
424000 -11.5179 
425000 -11.5255 
426000 -11.5331 
427000 -11.5407 
428000 -11.5482 
429000 -11.5558 
430000 -11.5633 
431000 -11.5708 
432000 -11.5783 
433000 -11.5858 
434000 -11.5932 
435000 -11.6007 
436000 -11.6081 
437000 -11.6155 
438000 -11.6229 
439000 -11.6303 
440000 -11.6376 
441000 -11.645 
442000 -11.6523 
443000 -11.6596 
444000 -11.6669 
445000 -11.6742 
446000 -11.6814 
447000 -11.6887 
448000 -11.6959 
449000 -11.7031 
450000 -11.7103 
451000 -11.7175 
452000 -11.7246 
453000 -11.7318 
454000 -11.7389 
455000 -11.746 
456000 -11.7531 
457000 -11.7602 
458000 -11.7673 
459000 -11.7743 
460000 -11.7814 
461000 -11.7884 
462000 -11.7954 
463000 -11.8024 
464000 -11.8094 
465000 -11.8163 
466000 -11.8233 
467000 -11.8302 
468000 -11.8371 
469000 -11.844 
470000 -11.8509 
471000 -11.8578 
472000 -11.8647 
473000 -11.8715 
474000 -11.8783 
475000 -11.8851 
476000 -11.892 
477000 -11.8987 
478000 -11.9055 
479000 -11.9123 
480000 -11.919 
481000 -11.9258 
482000 -11.9325 
483000 -11.9392 
484000 -11.9459 
485000 -11.9525 
486000 -11.9592 
487000 -11.9659 
488000 -11.9725 
489000 -11.9791 
490000 -11.9857 
491000 -11.9923 
492000 -11.9989 
493000 -12.0055 
494000 -12.012 
495000 -12.0186 
496000 -12.0251 
497000 -12.0316 
498000 -12.0381 
499000 -12.0446 
500000 -12.0511 
501000 -12.0576 
502000 -12.064 
503000 -12.0705 
504000 -12.0769 
505000 -12.0833 
506000 -12.0897 
507000 -12.0961 
508000 -12.1025 
509000 -12.1088 
510000 -12.1152 
511000 -12.1215 
512000 -12.1279 
513000 -12.1342 
514000 -12.1405 
515000 -12.1468 
516000 -12.153 
517000 -12.1593 
518000 -12.1656 
519000 -12.1718 
520000 -12.178 
521000 -12.1843 
522000 -12.1905 
523000 -12.1967 
524000 -12.2028 
525000 -12.209 
526000 -12.2152 
527000 -12.2213 
528000 -12.2275 
529000 -12.2336 
530000 -12.2397 
531000 -12.2458 
532000 -12.2519 
533000 -12.258 
534000 -12.264 
535000 -12.2701 
536000 -12.2761 
537000 -12.2822 
538000 -12.2882 
539000 -12.2942 
540000 -12.3002 
541000 -12.3062 
542000 -12.3122 
543000 -12.3181 
544000 -12.3241 
545000 -12.33 
546000 -12.336 
547000 -12.3419 
548000 -12.3478 
549000 -12.3537 
550000 -12.3596 
551000 -12.3655 
552000 -12.3714 
553000 -12.3772 
554000 -12.3831 
555000 -12.3889 
556000 -12.3947 
557000 -12.4006 
558000 -12.4064 
559000 -12.4122 
560000 -12.418 
561000 -12.4237 
562000 -12.4295 
563000 -12.4353 
564000 -12.441 
565000 -12.4467 
566000 -12.4525 
567000 -12.4582 
568000 -12.4639 
569000 -12.4696 
570000 -12.4753 
571000 -12.481 
572000 -12.4866 
573000 -12.4923 
574000 -12.4979 
575000 -12.5036 
576000 -12.5092 
577000 -12.5148 
578000 -12.5204 
579000 -12.526 
580000 -12.5316 
581000 -12.5372 
582000 -12.5428 
583000 -12.5483 
584000 -12.5539 
585000 -12.5594 
586000 -12.5649 
587000 -12.5705 
588000 -12.576 
589000 -12.5815 
590000 -12.587 
591000 -12.5925 
592000 -12.5979 
593000 -12.6034 
594000 -12.6089 
595000 -12.6143 
596000 -12.6198 
597000 -12.6252 
598000 -12.6306 
599000 -12.636 
600000 -12.6414 
601000 -12.6468 
602000 -12.6522 
603000 -12.6576 
604000 -12.6629 
605000 -12.6683 
606000 -12.6737 
607000 -12.679 
608000 -12.6843 
609000 -12.6897 
610000 -12.695 
611000 -12.7003 
612000 -12.7056 
613000 -12.7109 
614000 -12.7161 
615000 -12.7214 
616000 -12.7267 
617000 -12.7319 
618000 -12.7372 
619000 -12.7424 
620000 -12.7477 
621000 -12.7529 
622000 -12.7581 
623000 -12.7633 
624000 -12.7685 
625000 -12.7737 
626000 -12.7789 
627000 -12.784 
628000 -12.7892 
629000 -12.7943 
630000 -12.7995 
631000 -12.8046 
632000 -12.8098 
633000 -12.8149 
634000 -12.82 
635000 -12.8251 
636000 -12.8302 
637000 -12.8353 
638000 -12.8404 
639000 -12.8455 
640000 -12.8505 
641000 -12.8556 
642000 -12.8606 
643000 -12.8657 
644000 -12.8707 
645000 -12.8757 
646000 -12.8808 
647000 -12.8858 
648000 -12.8908 
649000 -12.8958 
650000 -12.9008 
651000 -12.9058 
652000 -12.9107 
653000 -12.9157 
654000 -12.9207 
655000 -12.9256 
656000 -12.9306 
657000 -12.9355 
658000 -12.9404 
659000 -12.9453 
660000 -12.9503 
661000 -12.9552 
662000 -12.9601 
663000 -12.965 
664000 -12.9698 
665000 -12.9747 
666000 -12.9796 
667000 -12.9844 
668000 -12.9893 
669000 -12.9942 
670000 -12.999 
671000 -13.0038 
672000 -13.0087 
673000 -13.0135 
674000 -13.0183 
675000 -13.0231 
676000 -13.0279 
677000 -13.0327 
678000 -13.0375 
679000 -13.0422 
680000 -13.047 
681000 -13.0518 
682000 -13.0565 
683000 -13.0613 
684000 -13.066 
685000 -13.0708 
686000 -13.0755 
687000 -13.0802 
688000 -13.0849 
689000 -13.0896 
690000 -13.0943 
691000 -13.099 
692000 -13.1037 
693000 -13.1084 
694000 -13.1131 
695000 -13.1178 
696000 -13.1224 
697000 -13.1271 
698000 -13.1317 
699000 -13.1364 
700000 -13.141 
701000 -13.1456 
702000 -13.1502 
703000 -13.1549 
704000 -13.1595 
705000 -13.1641 
706000 -13.1687 
707000 -13.1733 
708000 -13.1778 
709000 -13.1824 
710000 -13.187 
711000 -13.1915 
712000 -13.1961 
713000 -13.2007 
714000 -13.2052 
715000 -13.2097 
716000 -13.2143 
717000 -13.2188 
718000 -13.2233 
719000 -13.2278 
720000 -13.2323 
721000 -13.2368 
722000 -13.2413 
723000 -13.2458 
724000 -13.2503 
725000 -13.2548 
726000 -13.2592 
727000 -13.2637 
728000 -13.2682 
729000 -13.2726 
730000 -13.2771 
731000 -13.2815 
732000 -13.2859 
733000 -13.2904 
734000 -13.2948 
735000 -13.2992 
736000 -13.3036 
737000 -13.308 
738000 -13.3124 
739000 -13.3168 
740000 -13.3212 
741000 -13.3256 
742000 -13.3299 
743000 -13.3343 
744000 -13.3387 
745000 -13.343 
746000 -13.3474 
747000 -13.3517 
748000 -13.356 
749000 -13.3604 
750000 -13.3647 
751000 -13.369 
752000 -13.3733 
753000 -13.3777 
754000 -13.382 
755000 -13.3863 
756000 -13.3905 
757000 -13.3948 
758000 -13.3991 
759000 -13.4034 
760000 -13.4077 
761000 -13.4119 
762000 -13.4162 
763000 -13.4204 
764000 -13.4247 
765000 -13.4289 
766000 -13.4332 
767000 -13.4374 
768000 -13.4416 
769000 -13.4458 
770000 -13.4501 
771000 -13.4543 
772000 -13.4585 
773000 -13.4627 
774000 -13.4669 
775000 -13.4711 
776000 -13.4752 
777000 -13.4794 
778000 -13.4836 
779000 -13.4877 
780000 -13.4919 
781000 -13.4961 
782000 -13.5002 
783000 -13.5044 
784000 -13.5085 
785000 -13.5126 
786000 -13.5168 
787000 -13.5209 
788000 -13.525 
789000 -13.5291 
790000 -13.5332 
791000 -13.5373 
792000 -13.5414 
793000 -13.5455 
794000 -13.5496 
795000 -13.5537 
796000 -13.5578 
797000 -13.5618 
798000 -13.5659 
799000 -13.57 
800000 -13.574 
801000 -13.5781 
802000 -13.5821 
803000 -13.5862 
804000 -13.5902 
805000 -13.5942 
806000 -13.5983 
807000 -13.6023 
808000 -13.6063 
809000 -13.6103 
810000 -13.6143 
811000 -13.6183 
812000 -13.6223 
813000 -13.6263 
814000 -13.6303 
815000 -13.6343 
816000 -13.6383 
817000 -13.6423 
818000 -13.6462 
819000 -13.6502 
820000 -13.6541 
821000 -13.6581 
822000 -13.662 
823000 -13.666 
824000 -13.6699 
825000 -13.6739 
826000 -13.6778 
827000 -13.6817 
828000 -13.6856 
829000 -13.6896 
830000 -13.6935 
831000 -13.6974 
832000 -13.7013 
833000 -13.7052 
834000 -13.7091 
835000 -13.713 
836000 -13.7168 
837000 -13.7207 
838000 -13.7246 
839000 -13.7285 
840000 -13.7323 
841000 -13.7362 
842000 -13.74 
843000 -13.7439 
844000 -13.7477 
845000 -13.7516 
846000 -13.7554 
847000 -13.7593 
848000 -13.7631 
849000 -13.7669 
850000 -13.7707 
851000 -13.7745 
852000 -13.7783 
853000 -13.7822 
854000 -13.786 
855000 -13.7898 
856000 -13.7935 
857000 -13.7973 
858000 -13.8011 
859000 -13.8049 
860000 -13.8087 
861000 -13.8124 
862000 -13.8162 
863000 -13.82 
864000 -13.8237 
865000 -13.8275 
866000 -13.8312 
867000 -13.835 
868000 -13.8387 
869000 -13.8425 
870000 -13.8462 
871000 -13.8499 
872000 -13.8536 
873000 -13.8574 
874000 -13.8611 
875000 -13.8648 
876000 -13.8685 
877000 -13.8722 
878000 -13.8759 
879000 -13.8796 
880000 -13.8833 
881000 -13.887 
882000 -13.8906 
883000 -13.8943 
884000 -13.898 
885000 -13.9017 
886000 -13.9053 
887000 -13.909 
888000 -13.9126 
889000 -13.9163 
890000 -13.9199 
891000 -13.9236 
892000 -13.9272 
893000 -13.9309 
894000 -13.9345 
895000 -13.9381 
896000 -13.9417 
897000 -13.9454 
898000 -13.949 
899000 -13.9526 
900000 -13.9562 
901000 -13.9598 
902000 -13.9634 
903000 -13.967 
904000 -13.9706 
905000 -13.9742 
906000 -13.9778 
907000 -13.9814 
908000 -13.9849 
909000 -13.9885 
910000 -13.9921 
911000 -13.9956 
912000 -13.9992 
913000 -14.0028 
914000 -14.0063 
915000 -14.0099 
916000 -14.0134 
917000 -14.0169 
918000 -14.0205 
919000 -14.024 
920000 -14.0275 
921000 -14.0311 
922000 -14.0346 
923000 -14.0381 
924000 -14.0416 
925000 -14.0451 
926000 -14.0486 
927000 -14.0521 
928000 -14.0556 
929000 -14.0591 
930000 -14.0626 
931000 -14.0661 
932000 -14.0696 
933000 -14.0731 
934000 -14.0766 
935000 -14.08 
936000 -14.0835 
937000 -14.087 
938000 -14.0904 
939000 -14.0939 
940000 -14.0973 
941000 -14.1008 
942000 -14.1042 
943000 -14.1077 
944000 -14.1111 
945000 -14.1146 
946000 -14.118 
947000 -14.1214 
948000 -14.1249 
949000 -14.1283 
950000 -14.1317 
951000 -14.1351 
952000 -14.1385 
953000 -14.1419 
954000 -14.1453 
955000 -14.1487 
956000 -14.1521 
957000 -14.1555 
958000 -14.1589 
959000 -14.1623 
960000 -14.1657 
961000 -14.1691 
962000 -14.1724 
963000 -14.1758 
964000 -14.1792 
965000 -14.1825 
966000 -14.1859 
967000 -14.1893 
968000 -14.1926 
969000 -14.196 
970000 -14.1993 
971000 -14.2027 
972000 -14.206 
973000 -14.2093 
974000 -14.2127 
975000 -14.216 
976000 -14.2193 
977000 -14.2227 
978000 -14.226 
979000 -14.2293 
980000 -14.2326 
981000 -14.2359 
982000 -14.2392 
983000 -14.2425 
984000 -14.2458 
985000 -14.2491 
986000 -14.2524 
987000 -14.2557 
988000 -14.259 
989000 -14.2623 
990000 -14.2656 
991000 -14.2689 
992000 -14.2721 
993000 -14.2754 
994000 -14.2787 
995000 -14.2819 
996000 -14.2852 
997000 -14.2885 
998000 -14.2917 
999000 -14.295 
1e+06 -14.2982 
