1000 -28.8404 
2000 -15.0665 
3000 -10.4883 
4000 -7.75515 
5000 -5.85744 
6000 -4.5358 
7000 -3.60754 
8000 -2.94576 
9000 -2.45819 
10000 -2.09829 
11000 -1.83107 
12000 -1.63321 
13000 -1.48776 
14000 -1.3828 
15000 -1.30928 
16000 -1.26053 
17000 -1.23123 
18000 -1.21728 
19000 -1.21567 
20000 -1.22419 
21000 -1.24117 
22000 -1.26474 
23000 -1.29335 
24000 -1.32627 
25000 -1.36271 
26000 -1.402 
27000 -1.44359 
28000 -1.48703 
29000 -1.53195 
30000 -1.57804 
31000 -1.62503 
32000 -1.6727 
33000 -1.72088 
34000 -1.7694 
35000 -1.81813 
36000 -1.86697 
37000 -1.91582 
38000 -1.96461 
39000 -2.01327 
40000 -2.06174 
41000 -2.10997 
42000 -2.15794 
43000 -2.2056 
44000 -2.25292 
45000 -2.29989 
46000 -2.34649 
47000 -2.3927 
48000 -2.43851 
49000 -2.48392 
50000 -2.5289 
51000 -2.57347 
52000 -2.61761 
53000 -2.66132 
54000 -2.70461 
55000 -2.74746 
56000 -2.78989 
57000 -2.8319 
58000 -2.87348 
59000 -2.91465 
60000 -2.95539 
61000 -2.99573 
62000 -3.03565 
63000 -3.07517 
64000 -3.1143 
65000 -3.15302 
66000 -3.19136 
67000 -3.22932 
68000 -3.26689 
69000 -3.30409 
70000 -3.34093 
71000 -3.37739 
72000 -3.4135 
73000 -3.44926 
74000 -3.48467 
75000 -3.51974 
76000 -3.55447 
77000 -3.58887 
78000 -3.62294 
79000 -3.6567 
80000 -3.69013 
81000 -3.72325 
82000 -3.75607 
83000 -3.78858 
84000 -3.8208 
85000 -3.85272 
86000 -3.88436 
87000 -3.91571 
88000 -3.94679 
89000 -3.97759 
90000 -4.00812 
91000 -4.03838 
92000 -4.06838 
93000 -4.09813 
94000 -4.12761 
95000 -4.15685 
96000 -4.18585 
97000 -4.2146 
98000 -4.24311 
99000 -4.27139 
100000 -4.29943 
101000 -4.32725 
102000 -4.35484 
103000 -4.38221 
104000 -4.40937 
105000 -4.4363 
106000 -4.46303 
107000 -4.48955 
108000 -4.51586 
109000 -4.54197 
110000 -4.56788 
111000 -4.59359 
112000 -4.61911 
113000 -4.64444 
114000 -4.66958 
115000 -4.69453 
116000 -4.71931 
117000 -4.74389 
118000 -4.76831 
119000 -4.79254 
120000 -4.8166 
121000 -4.84049 
122000 -4.86422 
123000 -4.88777 
124000 -4.91116 
125000 -4.93439 
126000 -4.95746 
127000 -4.98037 
128000 -5.00313 
129000 -5.02573 
130000 -5.04818 
131000 -5.07048 
132000 -5.09264 
133000 -5.11464 
134000 -5.13651 
135000 -5.15823 
136000 -5.17981 
137000 -5.20125 
138000 -5.22255 
139000 -5.24372 
140000 -5.26476 
141000 -5.28566 
142000 -5.30643 
143000 -5.32707 
144000 -5.34759 
145000 -5.36798 
146000 -5.38825 
147000 -5.40839 
148000 -5.42841 
149000 -5.44831 
150000 -5.4681 
151000 -5.48776 
152000 -5.50731 
153000 -5.52675 
154000 -5.54607 
155000 -5.56528 
156000 -5.58438 
157000 -5.60337 
158000 -5.62225 
159000 -5.64102 
160000 -5.65969 
161000 -5.67826 
162000 -5.69672 
163000 -5.71507 
164000 -5.73333 
165000 -5.75149 
166000 -5.76954 
167000 -5.7875 
168000 -5.80536 
169000 -5.82313 
170000 -5.8408 
171000 -5.85838 
172000 -5.87586 
173000 -5.89325 
174000 -5.91055 
175000 -5.92776 
176000 -5.94489 
177000 -5.96192 
178000 -5.97886 
179000 -5.99572 
180000 -6.0125 
181000 -6.02918 
182000 -6.04579 
183000 -6.06231 
184000 -6.07875 
185000 -6.0951 
186000 -6.11138 
187000 -6.12757 
188000 -6.14369 
189000 -6.15973 
190000 -6.17569 
191000 -6.19157 
192000 -6.20738 
193000 -6.22311 
194000 -6.23877 
195000 -6.25435 
196000 -6.26986 
197000 -6.2853 
198000 -6.30066 
199000 -6.31596 
200000 -6.33118 
201000 -6.34633 
202000 -6.36141 
203000 -6.37643 
204000 -6.39137 
205000 -6.40625 
206000 -6.42106 
207000 -6.4358 
208000 -6.45048 
209000 -6.4651 
210000 -6.47964 
211000 -6.49413 
212000 -6.50855 
213000 -6.52291 
214000 -6.5372 
215000 -6.55144 
216000 -6.56561 
217000 -6.57972 
218000 -6.59377 
219000 -6.60776 
220000 -6.62169 
221000 -6.63557 
222000 -6.64938 
223000 -6.66314 
224000 -6.67683 
225000 -6.69048 
226000 -6.70406 
227000 -6.71759 
228000 -6.73107 
229000 -6.74448 
230000 -6.75785 
231000 -6.77116 
232000 -6.78441 
233000 -6.79762 
234000 -6.81077 
235000 -6.82386 
236000 -6.83691 
237000 -6.8499 
238000 -6.86285 
239000 -6.87574 
240000 -6.88858 
241000 -6.90137 
242000 -6.91411 
243000 -6.9268 
244000 -6.93944 
245000 -6.95204 
246000 -6.96458 
247000 -6.97708 
248000 -6.98953 
249000 -7.00194 
250000 -7.01429 
251000 -7.0266 
252000 -7.03887 
253000 -7.05109 
254000 -7.06326 
255000 -7.07539 
256000 -7.08747 
257000 -7.09951 
258000 -7.11151 
259000 -7.12346 
260000 -7.13536 
261000 -7.14723 
262000 -7.15905 
263000 -7.17083 
264000 -7.18257 
265000 -7.19426 
266000 -7.20591 
267000 -7.21753 
268000 -7.2291 
269000 -7.24063 
270000 -7.25212 
271000 -7.26357 
272000 -7.27498 
273000 -7.28635 
274000 -7.29768 
275000 -7.30897 
276000 -7.32022 
277000 -7.33144 
278000 -7.34261 
279000 -7.35375 
280000 -7.36485 
281000 -7.37591 
282000 -7.38694 
283000 -7.39793 
284000 -7.40888 
285000 -7.41979 
286000 -7.43067 
287000 -7.44152 
288000 -7.45232 
289000 -7.46309 
290000 -7.47383 
291000 -7.48453 
292000 -7.4952 
293000 -7.50583 
294000 -7.51642 
295000 -7.52699 
296000 -7.53752 
297000 -7.54801 
298000 -7.55847 
299000 -7.5689 
300000 -7.57929 
301000 -7.58966 
302000 -7.59999 
303000 -7.61028 
304000 -7.62055 
305000 -7.63078 
306000 -7.64098 
307000 -7.65115 
308000 -7.66128 
309000 -7.67139 
310000 -7.68146 
311000 -7.69151 
312000 -7.70152 
313000 -7.7115 
314000 -7.72145 
315000 -7.73138 
316000 -7.74127 
317000 -7.75113 
318000 -7.76096 
319000 -7.77076 
320000 -7.78054 
321000 -7.79028 
322000 -7.8 
323000 -7.80968 
324000 -7.81934 
325000 -7.82897 
326000 -7.83857 
327000 -7.84814 
328000 -7.85769 
329000 -7.86721 
330000 -7.8767 
331000 -7.88616 
332000 -7.89559 
333000 -7.905 
334000 -7.91438 
335000 -7.92373 
336000 -7.93306 
337000 -7.94236 
338000 -7.95164 
339000 -7.96088 
340000 -7.97011 
341000 -7.9793 
342000 -7.98847 
343000 -7.99762 
344000 -8.00673 
345000 -8.01583 
346000 -8.0249 
347000 -8.03394 
348000 -8.04296 
349000 -8.05195 
350000 -8.06092 
351000 -8.06986 
352000 -8.07878 
353000 -8.08768 
354000 -8.09655 
355000 -8.1054 
356000 -8.11422 
357000 -8.12302 
358000 -8.13179 
359000 -8.14055 
360000 -8.14928 
361000 -8.15798 
362000 -8.16666 
363000 -8.17532 
364000 -8.18396 
365000 -8.19257 
366000 -8.20117 
367000 -8.20973 
368000 -8.21828 
369000 -8.2268 
370000 -8.23531 
371000 -8.24378 
372000 -8.25224 
373000 -8.26068 
374000 -8.26909 
375000 -8.27748 
376000 -8.28586 
377000 -8.29421 
378000 -8.30253 
379000 -8.31084 
380000 -8.31913 
381000 -8.32739 
382000 -8.33564 
383000 -8.34386 
384000 -8.35206 
385000 -8.36024 
386000 -8.36841 
387000 -8.37655 
388000 -8.38467 
389000 -8.39277 
390000 -8.40085 
391000 -8.40891 
392000 -8.41695 
393000 -8.42497 
394000 -8.43297 
395000 -8.44096 
396000 -8.44892 
397000 -8.45686 
398000 -8.46479 
399000 -8.47269 
400000 -8.48058 
401000 -8.48844 
402000 -8.49629 
403000 -8.50412 
404000 -8.51193 
405000 -8.51972 
406000 -8.5275 
407000 -8.53525 
408000 -8.54299 
409000 -8.5507 
410000 -8.5584 
411000 -8.56608 
412000 -8.57375 
413000 -8.58139 
414000 -8.58902 
415000 -8.59663 
416000 -8.60422 
417000 -8.6118 
418000 -8.61936 
419000 -8.6269 
420000 -8.63442 
421000 -8.64192 
422000 -8.64941 
423000 -8.65688 
424000 -8.66433 
425000 -8.67177 
426000 -8.67919 
427000 -8.68659 
428000 -8.69398 
429000 -8.70135 
430000 -8.7087 
431000 -8.71604 
432000 -8.72336 
433000 -8.73066 
434000 -8.73795 
435000 -8.74522 
436000 -8.75247 
437000 -8.75971 
438000 -8.76693 
439000 -8.77414 
440000 -8.78133 
441000 -8.78851 
442000 -8.79567 
443000 -8.80281 
444000 -8.80994 
445000 -8.81705 
446000 -8.82415 
447000 -8.83123 
448000 -8.83829 
449000 -8.84534 
450000 -8.85238 
451000 -8.8594 
452000 -8.86641 
453000 -8.8734 
454000 -8.88037 
455000 -8.88733 
456000 -8.89428 
457000 -8.90121 
458000 -8.90813 
459000 -8.91503 
460000 -8.92191 
461000 -8.92879 
462000 -8.93565 
463000 -8.94249 
464000 -8.94932 
465000 -8.95613 
466000 -8.96294 
467000 -8.96972 
468000 -8.97649 
469000 -8.98325 
470000 -8.99 
471000 -8.99673 
472000 -9.00345 
473000 -9.01015 
474000 -9.01684 
475000 -9.02351 
476000 -9.03018 
477000 -9.03683 
478000 -9.04346 
479000 -9.05008 
480000 -9.05669 
481000 -9.06328 
482000 -9.06987 
483000 -9.07643 
484000 -9.08299 
485000 -9.08953 
486000 -9.09606 
487000 -9.10258 
488000 -9.10908 
489000 -9.11557 
490000 -9.12205 
491000 -9.12851 
492000 -9.13496 
493000 -9.1414 
494000 -9.14783 
495000 -9.15424 
496000 -9.16064 
497000 -9.16703 
498000 -9.1734 
499000 -9.17977 
500000 -9.18612 
501000 -9.19246 
502000 -9.19878 
503000 -9.2051 
504000 -9.2114 
505000 -9.21769 
506000 -9.22396 
507000 -9.23023 
508000 -9.23648 
509000 -9.24272 
510000 -9.24895 
511000 -9.25517 
512000 -9.26138 
513000 -9.26757 
514000 -9.27375 
515000 -9.27992 
516000 -9.28608 
517000 -9.29223 
518000 -9.29837 
519000 -9.30449 
520000 -9.3106 
521000 -9.3167 
522000 -9.32279 
523000 -9.32887 
524000 -9.33494 
525000 -9.341 
526000 -9.34704 
527000 -9.35308 
528000 -9.3591 
529000 -9.36511 
530000 -9.37111 
531000 -9.3771 
532000 -9.38308 
533000 -9.38904 
534000 -9.395 
535000 -9.40095 
536000 -9.40688 
537000 -9.4128 
538000 -9.41872 
539000 -9.42462 
540000 -9.43051 
541000 -9.43639 
542000 -9.44226 
543000 -9.44812 
544000 -9.45397 
545000 -9.45981 
546000 -9.46564 
547000 -9.47146 
548000 -9.47727 
549000 -9.48307 
550000 -9.48885 
551000 -9.49463 
552000 -9.5004 
553000 -9.50615 
554000 -9.5119 
555000 -9.51764 
556000 -9.52336 
557000 -9.52908 
558000 -9.53479 
559000 -9.54048 
560000 -9.54617 
561000 -9.55185 
562000 -9.55751 
563000 -9.56317 
564000 -9.56882 
565000 -9.57445 
566000 -9.58008 
567000 -9.5857 
568000 -9.59131 
569000 -9.5969 
570000 -9.60249 
571000 -9.60807 
572000 -9.61364 
573000 -9.6192 
574000 -9.62475 
575000 -9.6303 
576000 -9.63583 
577000 -9.64135 
578000 -9.64686 
579000 -9.65237 
580000 -9.65786 
581000 -9.66335 
582000 -9.66882 
583000 -9.67429 
584000 -9.67975 
585000 -9.6852 
586000 -9.69064 
587000 -9.69607 
588000 -9.70149 
589000 -9.7069 
590000 -9.71231 
591000 -9.7177 
592000 -9.72309 
593000 -9.72846 
594000 -9.73383 
595000 -9.73919 
596000 -9.74454 
597000 -9.74988 
598000 -9.75522 
599000 -9.76054 
600000 -9.76586 
601000 -9.77116 
602000 -9.77646 
603000 -9.78175 
604000 -9.78703 
605000 -9.79231 
606000 -9.79757 
607000 -9.80283 
608000 -9.80807 
609000 -9.81331 
610000 -9.81854 
611000 -9.82376 
612000 -9.82898 
613000 -9.83418 
614000 -9.83938 
615000 -9.84457 
616000 -9.84975 
617000 -9.85492 
618000 -9.86008 
619000 -9.86524 
620000 -9.87039 
621000 -9.87553 
622000 -9.88066 
623000 -9.88578 
624000 -9.8909 
625000 -9.89601 
626000 -9.9011 
627000 -9.9062 
628000 -9.91128 
629000 -9.91636 
630000 -9.92142 
631000 -9.92648 
632000 -9.93153 
633000 -9.93658 
634000 -9.94162 
635000 -9.94664 
636000 -9.95166 
637000 -9.95668 
638000 -9.96168 
639000 -9.96668 
640000 -9.97167 
641000 -9.97665 
642000 -9.98163 
643000 -9.9866 
644000 -9.99156 
645000 -9.99651 
646000 -10.0015 
647000 -10.0064 
648000 -10.0113 
649000 -10.0162 
650000 -10.0212 
651000 -10.0261 
652000 -10.031 
653000 -10.0359 
654000 -10.0407 
655000 -10.0456 
656000 -10.0505 
657000 -10.0554 
658000 -10.0602 
659000 -10.0651 
660000 -10.0699 
661000 -10.0747 
662000 -10.0796 
663000 -10.0844 
664000 -10.0892 
665000 -10.094 
666000 -10.0988 
667000 -10.1036 
668000 -10.1084 
669000 -10.1132 
670000 -10.1179 
671000 -10.1227 
672000 -10.1275 
673000 -10.1322 
674000 -10.1369 
675000 -10.1417 
676000 -10.1464 
677000 -10.1511 
678000 -10.1558 
679000 -10.1606 
680000 -10.1653 
681000 -10.17 
682000 -10.1746 
683000 -10.1793 
684000 -10.184 
685000 -10.1887 
686000 -10.1933 
687000 -10.198 
688000 -10.2026 
689000 -10.2073 
690000 -10.2119 
691000 -10.2165 
692000 -10.2212 
693000 -10.2258 
694000 -10.2304 
695000 -10.235 
696000 -10.2396 
697000 -10.2442 
698000 -10.2488 
699000 -10.2533 
700000 -10.2579 
701000 -10.2625 
702000 -10.267 
703000 -10.2716 
704000 -10.2761 
705000 -10.2807 
706000 -10.2852 
707000 -10.2897 
708000 -10.2942 
709000 -10.2988 
710000 -10.3033 
711000 -10.3078 
712000 -10.3123 
713000 -10.3167 
714000 -10.3212 
715000 -10.3257 
716000 -10.3302 
717000 -10.3346 
718000 -10.3391 
719000 -10.3435 
720000 -10.348 
721000 -10.3524 
722000 -10.3569 
723000 -10.3613 
724000 -10.3657 
725000 -10.3701 
726000 -10.3745 
727000 -10.3789 
728000 -10.3833 
729000 -10.3877 
730000 -10.3921 
731000 -10.3965 
732000 -10.4009 
733000 -10.4052 
734000 -10.4096 
735000 -10.414 
736000 -10.4183 
737000 -10.4227 
738000 -10.427 
739000 -10.4313 
740000 -10.4357 
741000 -10.44 
742000 -10.4443 
743000 -10.4486 
744000 -10.4529 
745000 -10.4572 
746000 -10.4615 
747000 -10.4658 
748000 -10.4701 
749000 -10.4743 
750000 -10.4786 
751000 -10.4829 
752000 -10.4871 
753000 -10.4914 
754000 -10.4956 
755000 -10.4999 
756000 -10.5041 
757000 -10.5084 
758000 -10.5126 
759000 -10.5168 
760000 -10.521 
761000 -10.5252 
762000 -10.5294 
763000 -10.5336 
764000 -10.5378 
765000 -10.542 
766000 -10.5462 
767000 -10.5504 
768000 -10.5546 
769000 -10.5587 
770000 -10.5629 
771000 -10.567 
772000 -10.5712 
773000 -10.5753 
774000 -10.5795 
775000 -10.5836 
776000 -10.5877 
777000 -10.5919 
778000 -10.596 
779000 -10.6001 
780000 -10.6042 
781000 -10.6083 
782000 -10.6124 
783000 -10.6165 
784000 -10.6206 
785000 -10.6247 
786000 -10.6288 
787000 -10.6328 
788000 -10.6369 
789000 -10.641 
790000 -10.645 
791000 -10.6491 
792000 -10.6531 
793000 -10.6572 
794000 -10.6612 
795000 -10.6652 
796000 -10.6693 
797000 -10.6733 
798000 -10.6773 
799000 -10.6813 
800000 -10.6853 
801000 -10.6893 
802000 -10.6933 
803000 -10.6973 
804000 -10.7013 
805000 -10.7053 
806000 -10.7093 
807000 -10.7132 
808000 -10.7172 
809000 -10.7212 
810000 -10.7251 
811000 -10.7291 
812000 -10.733 
813000 -10.737 
814000 -10.7409 
815000 -10.7449 
816000 -10.7488 
817000 -10.7527 
818000 -10.7566 
819000 -10.7606 
820000 -10.7645 
821000 -10.7684 
822000 -10.7723 
823000 -10.7762 
824000 -10.7801 
825000 -10.784 
826000 -10.7878 
827000 -10.7917 
828000 -10.7956 
829000 -10.7995 
830000 -10.8033 
831000 -10.8072 
832000 -10.8111 
833000 -10.8149 
834000 -10.8188 
835000 -10.8226 
836000 -10.8264 
837000 -10.8303 
838000 -10.8341 
839000 -10.8379 
840000 -10.8417 
841000 -10.8456 
842000 -10.8494 
843000 -10.8532 
844000 -10.857 
845000 -10.8608 
846000 -10.8646 
847000 -10.8684 
848000 -10.8721 
849000 -10.8759 
850000 -10.8797 
851000 -10.8835 
852000 -10.8872 
853000 -10.891 
854000 -10.8948 
855000 -10.8985 
856000 -10.9023 
857000 -10.906 
858000 -10.9098 
859000 -10.9135 
860000 -10.9172 
861000 -10.921 
862000 -10.9247 
863000 -10.9284 
864000 -10.9321 
865000 -10.9358 
866000 -10.9395 
867000 -10.9432 
868000 -10.9469 
869000 -10.9506 
870000 -10.9543 
871000 -10.958 
872000 -10.9617 
873000 -10.9654 
874000 -10.969 
875000 -10.9727 
876000 -10.9764 
877000 -10.98 
878000 -10.9837 
879000 -10.9873 
880000 -10.991 
881000 -10.9946 
882000 -10.9983 
883000 -11.0019 
884000 -11.0056 
885000 -11.0092 
886000 -11.0128 
887000 -11.0164 
888000 -11.02 
889000 -11.0237 
890000 -11.0273 
891000 -11.0309 
892000 -11.0345 
893000 -11.0381 
894000 -11.0417 
895000 -11.0452 
896000 -11.0488 
897000 -11.0524 
898000 -11.056 
899000 -11.0596 
900000 -11.0631 
901000 -11.0667 
902000 -11.0703 
903000 -11.0738 
904000 -11.0774 
905000 -11.0809 
906000 -11.0845 
907000 -11.088 
908000 -11.0915 
909000 -11.0951 
910000 -11.0986 
911000 -11.1021 
912000 -11.1057 
913000 -11.1092 
914000 -11.1127 
915000 -11.1162 
916000 -11.1197 
917000 -11.1232 
918000 -11.1267 
919000 -11.1302 
920000 -11.1337 
921000 -11.1372 
922000 -11.1407 
923000 -11.1442 
924000 -11.1476 
925000 -11.1511 
926000 -11.1546 
927000 -11.1581 
928000 -11.1615 
929000 -11.165 
930000 -11.1684 
931000 -11.1719 
932000 -11.1753 
933000 -11.1788 
934000 -11.1822 
935000 -11.1857 
936000 -11.1891 
937000 -11.1925 
938000 -11.1959 
939000 -11.1994 
940000 -11.2028 
941000 -11.2062 
942000 -11.2096 
943000 -11.213 
944000 -11.2164 
945000 -11.2198 
946000 -11.2232 
947000 -11.2266 
948000 -11.23 
949000 -11.2334 
950000 -11.2368 
951000 -11.2402 
952000 -11.2435 
953000 -11.2469 
954000 -11.2503 
955000 -11.2537 
956000 -11.257 
957000 -11.2604 
958000 -11.2637 
959000 -11.2671 
960000 -11.2704 
961000 -11.2738 
962000 -11.2771 
963000 -11.2805 
964000 -11.2838 
965000 -11.2871 
966000 -11.2905 
967000 -11.2938 
968000 -11.2971 
969000 -11.3004 
970000 -11.3037 
971000 -11.3071 
972000 -11.3104 
973000 -11.3137 
974000 -11.317 
975000 -11.3203 
976000 -11.3236 
977000 -11.3269 
978000 -11.3301 
979000 -11.3334 
980000 -11.3367 
981000 -11.34 
982000 -11.3433 
983000 -11.3465 
984000 -11.3498 
985000 -11.3531 
986000 -11.3563 
987000 -11.3596 
988000 -11.3628 
989000 -11.3661 
990000 -11.3693 
991000 -11.3726 
992000 -11.3758 
993000 -11.3791 
994000 -11.3823 
995000 -11.3855 
996000 -11.3888 
997000 -11.392 
998000 -11.3952 
999000 -11.3984 
1e+06 -11.4017 
