1000 -6.43979 
2000 -0.917956 
3000 0.224167 
4000 0.447622 
5000 0.380812 
6000 0.207389 
7000 -0.00562552 
8000 -0.230347 
9000 -0.454531 
10000 -0.672843 
11000 -0.88291 
12000 -1.08418 
13000 -1.27729 
14000 -1.46152 
15000 -1.63711 
16000 -1.80254 
17000 -1.96119 
18000 -2.11677 
19000 -2.26336 
20000 -2.40334 
21000 -2.53775 
22000 -2.66703 
23000 -2.79167 
24000 -2.912 
25000 -3.02848 
26000 -3.14108 
27000 -3.25022 
28000 -3.35588 
29000 -3.4583 
30000 -3.55767 
31000 -3.65417 
32000 -3.74793 
33000 -3.8391 
34000 -3.92782 
35000 -4.01423 
36000 -4.09843 
37000 -4.18054 
38000 -4.26066 
39000 -4.33888 
40000 -4.41529 
41000 -4.48998 
42000 -4.56301 
43000 -4.63447 
44000 -4.7044 
45000 -4.77286 
46000 -4.83992 
47000 -4.90564 
48000 -4.97006 
49000 -5.03324 
50000 -5.09523 
51000 -5.15607 
52000 -5.21581 
53000 -5.27447 
54000 -5.3321 
55000 -5.38874 
56000 -5.44442 
57000 -5.49916 
58000 -5.55301 
59000 -5.60599 
60000 -5.65813 
61000 -5.70944 
62000 -5.75997 
63000 -5.80973 
64000 -5.85874 
65000 -5.90702 
66000 -5.95461 
67000 -6.00151 
68000 -6.04775 
69000 -6.09334 
70000 -6.13831 
71000 -6.18267 
72000 -6.22643 
73000 -6.26961 
74000 -6.31223 
75000 -6.3543 
76000 -6.39584 
77000 -6.43685 
78000 -6.47736 
79000 -6.51737 
80000 -6.5569 
81000 -6.59595 
82000 -6.63454 
83000 -6.67268 
84000 -6.71038 
85000 -6.74765 
86000 -6.78449 
87000 -6.82093 
88000 -6.85696 
89000 -6.8926 
90000 -6.92785 
91000 -6.96273 
92000 -6.99723 
93000 -7.03138 
94000 -7.06517 
95000 -7.09862 
96000 -7.13173 
97000 -7.1645 
98000 -7.19695 
99000 -7.22908 
100000 -7.2609 
101000 -7.29241 
102000 -7.32362 
103000 -7.35453 
104000 -7.38515 
105000 -7.41549 
106000 -7.44555 
107000 -7.47533 
108000 -7.50484 
109000 -7.53409 
110000 -7.56308 
111000 -7.59181 
112000 -7.6203 
113000 -7.64853 
114000 -7.67653 
115000 -7.70428 
116000 -7.7318 
117000 -7.7591 
118000 -7.78616 
119000 -7.813 
120000 -7.83963 
121000 -7.86603 
122000 -7.89223 
123000 -7.91822 
124000 -7.944 
125000 -7.96958 
126000 -7.99496 
127000 -8.02014 
128000 -8.04513 
129000 -8.06993 
130000 -8.09454 
131000 -8.11897 
132000 -8.14322 
133000 -8.16729 
134000 -8.19118 
135000 -8.2149 
136000 -8.23844 
137000 -8.26182 
138000 -8.28503 
139000 -8.30808 
140000 -8.33096 
141000 -8.35369 
142000 -8.37626 
143000 -8.39867 
144000 -8.42093 
145000 -8.44304 
146000 -8.465 
147000 -8.48681 
148000 -8.50848 
149000 -8.53001 
150000 -8.55139 
151000 -8.57264 
152000 -8.59374 
153000 -8.61472 
154000 -8.63555 
155000 -8.65626 
156000 -8.67683 
157000 -8.69728 
158000 -8.71759 
159000 -8.73779 
160000 -8.75785 
161000 -8.7778 
162000 -8.79762 
163000 -8.81732 
164000 -8.83691 
165000 -8.85638 
166000 -8.87573 
167000 -8.89497 
168000 -8.91409 
169000 -8.93311 
170000 -8.95201 
171000 -8.9708 
172000 -8.98949 
173000 -9.00807 
174000 -9.02655 
175000 -9.04492 
176000 -9.06318 
177000 -9.08135 
178000 -9.09941 
179000 -9.11738 
180000 -9.13525 
181000 -9.15302 
182000 -9.17069 
183000 -9.18827 
184000 -9.20575 
185000 -9.22314 
186000 -9.24044 
187000 -9.25765 
188000 -9.27476 
189000 -9.29179 
190000 -9.30873 
191000 -9.32558 
192000 -9.34234 
193000 -9.35902 
194000 -9.37561 
195000 -9.39212 
196000 -9.40855 
197000 -9.42489 
198000 -9.44115 
199000 -9.45733 
200000 -9.47344 
201000 -9.48946 
202000 -9.5054 
203000 -9.52127 
204000 -9.53706 
205000 -9.55277 
206000 -9.56841 
207000 -9.58397 
208000 -9.59946 
209000 -9.61488 
210000 -9.63022 
211000 -9.64549 
212000 -9.66069 
213000 -9.67582 
214000 -9.69088 
215000 -9.70587 
216000 -9.72079 
217000 -9.73564 
218000 -9.75043 
219000 -9.76515 
220000 -9.7798 
221000 -9.79439 
222000 -9.80891 
223000 -9.82337 
224000 -9.83776 
225000 -9.8521 
226000 -9.86636 
227000 -9.88057 
228000 -9.89471 
229000 -9.9088 
230000 -9.92282 
231000 -9.93678 
232000 -9.95068 
233000 -9.96453 
234000 -9.97831 
235000 -9.99204 
236000 -10.0057 
237000 -10.0193 
238000 -10.0329 
239000 -10.0464 
240000 -10.0598 
241000 -10.0732 
242000 -10.0865 
243000 -10.0998 
244000 -10.113 
245000 -10.1262 
246000 -10.1393 
247000 -10.1524 
248000 -10.1654 
249000 -10.1784 
250000 -10.1913 
251000 -10.2042 
252000 -10.217 
253000 -10.2297 
254000 -10.2424 
255000 -10.2551 
256000 -10.2677 
257000 -10.2803 
258000 -10.2928 
259000 -10.3052 
260000 -10.3177 
261000 -10.33 
262000 -10.3424 
263000 -10.3546 
264000 -10.3669 
265000 -10.3791 
266000 -10.3912 
267000 -10.4033 
268000 -10.4153 
269000 -10.4274 
270000 -10.4393 
271000 -10.4512 
272000 -10.4631 
273000 -10.4749 
274000 -10.4867 
275000 -10.4985 
276000 -10.5102 
277000 -10.5219 
278000 -10.5335 
279000 -10.5451 
280000 -10.5566 
281000 -10.5681 
282000 -10.5795 
283000 -10.591 
284000 -10.6023 
285000 -10.6137 
286000 -10.625 
287000 -10.6362 
288000 -10.6475 
289000 -10.6586 
290000 -10.6698 
291000 -10.6809 
292000 -10.692 
293000 -10.703 
294000 -10.714 
295000 -10.7249 
296000 -10.7359 
297000 -10.7468 
298000 -10.7576 
299000 -10.7684 
300000 -10.7792 
301000 -10.7899 
302000 -10.8006 
303000 -10.8113 
304000 -10.8219 
305000 -10.8325 
306000 -10.8431 
307000 -10.8536 
308000 -10.8641 
309000 -10.8746 
310000 -10.885 
311000 -10.8954 
312000 -10.9058 
313000 -10.9161 
314000 -10.9264 
315000 -10.9367 
316000 -10.9469 
317000 -10.9571 
318000 -10.9673 
319000 -10.9774 
320000 -10.9875 
321000 -10.9976 
322000 -11.0077 
323000 -11.0177 
324000 -11.0277 
325000 -11.0376 
326000 -11.0475 
327000 -11.0574 
328000 -11.0673 
329000 -11.0771 
330000 -11.0869 
331000 -11.0967 
332000 -11.1064 
333000 -11.1162 
334000 -11.1258 
335000 -11.1355 
336000 -11.1451 
337000 -11.1547 
338000 -11.1643 
339000 -11.1738 
340000 -11.1834 
341000 -11.1929 
342000 -11.2023 
343000 -11.2118 
344000 -11.2212 
345000 -11.2305 
346000 -11.2399 
347000 -11.2492 
348000 -11.2585 
349000 -11.2678 
350000 -11.277 
351000 -11.2863 
352000 -11.2954 
353000 -11.3046 
354000 -11.3138 
355000 -11.3229 
356000 -11.332 
357000 -11.341 
358000 -11.3501 
359000 -11.3591 
360000 -11.3681 
361000 -11.3771 
362000 -11.386 
363000 -11.3949 
364000 -11.4038 
365000 -11.4127 
366000 -11.4215 
367000 -11.4303 
368000 -11.4391 
369000 -11.4479 
370000 -11.4567 
371000 -11.4654 
372000 -11.4741 
373000 -11.4828 
374000 -11.4914 
375000 -11.5001 
376000 -11.5087 
377000 -11.5173 
378000 -11.5258 
379000 -11.5344 
380000 -11.5429 
381000 -11.5514 
382000 -11.5599 
383000 -11.5683 
384000 -11.5768 
385000 -11.5852 
386000 -11.5936 
387000 -11.6019 
388000 -11.6103 
389000 -11.6186 
390000 -11.6269 
391000 -11.6352 
392000 -11.6434 
393000 -11.6517 
394000 -11.6599 
395000 -11.6681 
396000 -11.6763 
397000 -11.6844 
398000 -11.6926 
399000 -11.7007 
400000 -11.7088 
401000 -11.7169 
402000 -11.7249 
403000 -11.733 
404000 -11.741 
405000 -11.749 
406000 -11.757 
407000 -11.7649 
408000 -11.7729 
409000 -11.7808 
410000 -11.7887 
411000 -11.7966 
412000 -11.8044 
413000 -11.8123 
414000 -11.8201 
415000 -11.8279 
416000 -11.8357 
417000 -11.8434 
418000 -11.8512 
419000 -11.8589 
420000 -11.8666 
421000 -11.8743 
422000 -11.882 
423000 -11.8897 
424000 -11.8973 
425000 -11.9049 
426000 -11.9125 
427000 -11.9201 
428000 -11.9277 
429000 -11.9353 
430000 -11.9428 
431000 -11.9503 
432000 -11.9578 
433000 -11.9653 
434000 -11.9728 
435000 -11.9802 
436000 -11.9876 
437000 -11.9951 
438000 -12.0025 
439000 -12.0098 
440000 -12.0172 
441000 -12.0246 
442000 -12.0319 
443000 -12.0392 
444000 -12.0465 
445000 -12.0538 
446000 -12.061 
447000 -12.0683 
448000 -12.0755 
449000 -12.0828 
450000 -12.09 
451000 -12.0971 
452000 -12.1043 
453000 -12.1115 
454000 -12.1186 
455000 -12.1257 
456000 -12.1328 
457000 -12.1399 
458000 -12.147 
459000 -12.1541 
460000 -12.1611 
461000 -12.1681 
462000 -12.1752 
463000 -12.1822 
464000 -12.1891 
465000 -12.1961 
466000 -12.2031 
467000 -12.21 
468000 -12.2169 
469000 -12.2239 
470000 -12.2308 
471000 -12.2376 
472000 -12.2445 
473000 -12.2514 
474000 -12.2582 
475000 -12.265 
476000 -12.2718 
477000 -12.2786 
478000 -12.2854 
479000 -12.2922 
480000 -12.2989 
481000 -12.3057 
482000 -12.3124 
483000 -12.3191 
484000 -12.3258 
485000 -12.3325 
486000 -12.3392 
487000 -12.3458 
488000 -12.3525 
489000 -12.3591 
490000 -12.3657 
491000 -12.3723 
492000 -12.3789 
493000 -12.3855 
494000 -12.392 
495000 -12.3986 
496000 -12.4051 
497000 -12.4117 
498000 -12.4182 
499000 -12.4247 
500000 -12.4312 
501000 -12.4376 
502000 -12.4441 
503000 -12.4505 
504000 -12.457 
505000 -12.4634 
506000 -12.4698 
507000 -12.4762 
508000 -12.4826 
509000 -12.4889 
510000 -12.4953 
511000 -12.5017 
512000 -12.508 
513000 -12.5143 
514000 -12.5206 
515000 -12.5269 
516000 -12.5332 
517000 -12.5395 
518000 -12.5457 
519000 -12.552 
520000 -12.5582 
521000 -12.5644 
522000 -12.5707 
523000 -12.5769 
524000 -12.583 
525000 -12.5892 
526000 -12.5954 
527000 -12.6015 
528000 -12.6077 
529000 -12.6138 
530000 -12.6199 
531000 -12.626 
532000 -12.6321 
533000 -12.6382 
534000 -12.6443 
535000 -12.6504 
536000 -12.6564 
537000 -12.6625 
538000 -12.6685 
539000 -12.6745 
540000 -12.6805 
541000 -12.6865 
542000 -12.6925 
543000 -12.6985 
544000 -12.7044 
545000 -12.7104 
546000 -12.7163 
547000 -12.7223 
548000 -12.7282 
549000 -12.7341 
550000 -12.74 
551000 -12.7459 
552000 -12.7517 
553000 -12.7576 
554000 -12.7635 
555000 -12.7693 
556000 -12.7751 
557000 -12.781 
558000 -12.7868 
559000 -12.7926 
560000 -12.7984 
561000 -12.8042 
562000 -12.8099 
563000 -12.8157 
564000 -12.8215 
565000 -12.8272 
566000 -12.8329 
567000 -12.8386 
568000 -12.8444 
569000 -12.8501 
570000 -12.8558 
571000 -12.8614 
572000 -12.8671 
573000 -12.8728 
574000 -12.8784 
575000 -12.8841 
576000 -12.8897 
577000 -12.8953 
578000 -12.9009 
579000 -12.9065 
580000 -12.9121 
581000 -12.9177 
582000 -12.9233 
583000 -12.9289 
584000 -12.9344 
585000 -12.94 
586000 -12.9455 
587000 -12.951 
588000 -12.9565 
589000 -12.9621 
590000 -12.9676 
591000 -12.973 
592000 -12.9785 
593000 -12.984 
594000 -12.9895 
595000 -12.9949 
596000 -13.0004 
597000 -13.0058 
598000 -13.0112 
599000 -13.0166 
600000 -13.022 
601000 -13.0274 
602000 -13.0328 
603000 -13.0382 
604000 -13.0436 
605000 -13.049 
606000 -13.0543 
607000 -13.0597 
608000 -13.065 
609000 -13.0703 
610000 -13.0756 
611000 -13.081 
612000 -13.0863 
613000 -13.0915 
614000 -13.0968 
615000 -13.1021 
616000 -13.1074 
617000 -13.1126 
618000 -13.1179 
619000 -13.1231 
620000 -13.1284 
621000 -13.1336 
622000 -13.1388 
623000 -13.144 
624000 -13.1492 
625000 -13.1544 
626000 -13.1596 
627000 -13.1648 
628000 -13.1699 
629000 -13.1751 
630000 -13.1803 
631000 -13.1854 
632000 -13.1905 
633000 -13.1957 
634000 -13.2008 
635000 -13.2059 
636000 -13.211 
637000 -13.2161 
638000 -13.2212 
639000 -13.2263 
640000 -13.2313 
641000 -13.2364 
642000 -13.2415 
643000 -13.2465 
644000 -13.2515 
645000 -13.2566 
646000 -13.2616 
647000 -13.2666 
648000 -13.2716 
649000 -13.2766 
650000 -13.2816 
651000 -13.2866 
652000 -13.2916 
653000 -13.2966 
654000 -13.3015 
655000 -13.3065 
656000 -13.3114 
657000 -13.3164 
658000 -13.3213 
659000 -13.3262 
660000 -13.3311 
661000 -13.3361 
662000 -13.341 
663000 -13.3459 
664000 -13.3507 
665000 -13.3556 
666000 -13.3605 
667000 -13.3654 
668000 -13.3702 
669000 -13.3751 
670000 -13.3799 
671000 -13.3848 
672000 -13.3896 
673000 -13.3944 
674000 -13.3992 
675000 -13.404 
676000 -13.4088 
677000 -13.4136 
678000 -13.4184 
679000 -13.4232 
680000 -13.428 
681000 -13.4327 
682000 -13.4375 
683000 -13.4423 
684000 -13.447 
685000 -13.4517 
686000 -13.4565 
687000 -13.4612 
688000 -13.4659 
689000 -13.4706 
690000 -13.4753 
691000 -13.48 
692000 -13.4847 
693000 -13.4894 
694000 -13.4941 
695000 -13.4988 
696000 -13.5034 
697000 -13.5081 
698000 -13.5127 
699000 -13.5174 
700000 -13.522 
701000 -13.5267 
702000 -13.5313 
703000 -13.5359 
704000 -13.5405 
705000 -13.5451 
706000 -13.5497 
707000 -13.5543 
708000 -13.5589 
709000 -13.5635 
710000 -13.5681 
711000 -13.5726 
712000 -13.5772 
713000 -13.5817 
714000 -13.5863 
715000 -13.5908 
716000 -13.5954 
717000 -13.5999 
718000 -13.6044 
719000 -13.6089 
720000 -13.6134 
721000 -13.6179 
722000 -13.6224 
723000 -13.6269 
724000 -13.6314 
725000 -13.6359 
726000 -13.6404 
727000 -13.6448 
728000 -13.6493 
729000 -13.6537 
730000 -13.6582 
731000 -13.6626 
732000 -13.6671 
733000 -13.6715 
734000 -13.6759 
735000 -13.6803 
736000 -13.6848 
737000 -13.6892 
738000 -13.6936 
739000 -13.698 
740000 -13.7023 
741000 -13.7067 
742000 -13.7111 
743000 -13.7155 
744000 -13.7198 
745000 -13.7242 
746000 -13.7285 
747000 -13.7329 
748000 -13.7372 
749000 -13.7416 
750000 -13.7459 
751000 -13.7502 
752000 -13.7545 
753000 -13.7589 
754000 -13.7632 
755000 -13.7675 
756000 -13.7718 
757000 -13.7761 
758000 -13.7803 
759000 -13.7846 
760000 -13.7889 
761000 -13.7932 
762000 -13.7974 
763000 -13.8017 
764000 -13.8059 
765000 -13.8102 
766000 -13.8144 
767000 -13.8186 
768000 -13.8229 
769000 -13.8271 
770000 -13.8313 
771000 -13.8355 
772000 -13.8397 
773000 -13.8439 
774000 -13.8481 
775000 -13.8523 
776000 -13.8565 
777000 -13.8607 
778000 -13.8649 
779000 -13.869 
780000 -13.8732 
781000 -13.8774 
782000 -13.8815 
783000 -13.8857 
784000 -13.8898 
785000 -13.8939 
786000 -13.8981 
787000 -13.9022 
788000 -13.9063 
789000 -13.9104 
790000 -13.9145 
791000 -13.9187 
792000 -13.9228 
793000 -13.9269 
794000 -13.9309 
795000 -13.935 
796000 -13.9391 
797000 -13.9432 
798000 -13.9473 
799000 -13.9513 
800000 -13.9554 
801000 -13.9594 
802000 -13.9635 
803000 -13.9675 
804000 -13.9716 
805000 -13.9756 
806000 -13.9796 
807000 -13.9837 
808000 -13.9877 
809000 -13.9917 
810000 -13.9957 
811000 -13.9997 
812000 -14.0037 
813000 -14.0077 
814000 -14.0117 
815000 -14.0157 
816000 -14.0197 
817000 -14.0236 
818000 -14.0276 
819000 -14.0316 
820000 -14.0355 
821000 -14.0395 
822000 -14.0434 
823000 -14.0474 
824000 -14.0513 
825000 -14.0553 
826000 -14.0592 
827000 -14.0631 
828000 -14.0671 
829000 -14.071 
830000 -14.0749 
831000 -14.0788 
832000 -14.0827 
833000 -14.0866 
834000 -14.0905 
835000 -14.0944 
836000 -14.0983 
837000 -14.1022 
838000 -14.106 
839000 -14.1099 
840000 -14.1138 
841000 -14.1176 
842000 -14.1215 
843000 -14.1253 
844000 -14.1292 
845000 -14.133 
846000 -14.1369 
847000 -14.1407 
848000 -14.1445 
849000 -14.1484 
850000 -14.1522 
851000 -14.156 
852000 -14.1598 
853000 -14.1636 
854000 -14.1674 
855000 -14.1712 
856000 -14.175 
857000 -14.1788 
858000 -14.1826 
859000 -14.1864 
860000 -14.1902 
861000 -14.1939 
862000 -14.1977 
863000 -14.2015 
864000 -14.2052 
865000 -14.209 
866000 -14.2127 
867000 -14.2165 
868000 -14.2202 
869000 -14.224 
870000 -14.2277 
871000 -14.2314 
872000 -14.2352 
873000 -14.2389 
874000 -14.2426 
875000 -14.2463 
876000 -14.25 
877000 -14.2537 
878000 -14.2574 
879000 -14.2611 
880000 -14.2648 
881000 -14.2685 
882000 -14.2722 
883000 -14.2759 
884000 -14.2795 
885000 -14.2832 
886000 -14.2869 
887000 -14.2905 
888000 -14.2942 
889000 -14.2979 
890000 -14.3015 
891000 -14.3052 
892000 -14.3088 
893000 -14.3124 
894000 -14.3161 
895000 -14.3197 
896000 -14.3233 
897000 -14.3269 
898000 -14.3306 
899000 -14.3342 
900000 -14.3378 
901000 -14.3414 
902000 -14.345 
903000 -14.3486 
904000 -14.3522 
905000 -14.3558 
906000 -14.3594 
907000 -14.3629 
908000 -14.3665 
909000 -14.3701 
910000 -14.3737 
911000 -14.3772 
912000 -14.3808 
913000 -14.3844 
914000 -14.3879 
915000 -14.3915 
916000 -14.395 
917000 -14.3986 
918000 -14.4021 
919000 -14.4056 
920000 -14.4092 
921000 -14.4127 
922000 -14.4162 
923000 -14.4197 
924000 -14.4233 
925000 -14.4268 
926000 -14.4303 
927000 -14.4338 
928000 -14.4373 
929000 -14.4408 
930000 -14.4443 
931000 -14.4478 
932000 -14.4513 
933000 -14.4547 
934000 -14.4582 
935000 -14.4617 
936000 -14.4652 
937000 -14.4686 
938000 -14.4721 
939000 -14.4756 
940000 -14.479 
941000 -14.4825 
942000 -14.4859 
943000 -14.4894 
944000 -14.4928 
945000 -14.4962 
946000 -14.4997 
947000 -14.5031 
948000 -14.5065 
949000 -14.51 
950000 -14.5134 
951000 -14.5168 
952000 -14.5202 
953000 -14.5236 
954000 -14.527 
955000 -14.5304 
956000 -14.5338 
957000 -14.5372 
958000 -14.5406 
959000 -14.544 
960000 -14.5474 
961000 -14.5508 
962000 -14.5541 
963000 -14.5575 
964000 -14.5609 
965000 -14.5643 
966000 -14.5676 
967000 -14.571 
968000 -14.5743 
969000 -14.5777 
970000 -14.581 
971000 -14.5844 
972000 -14.5877 
973000 -14.5911 
974000 -14.5944 
975000 -14.5977 
976000 -14.6011 
977000 -14.6044 
978000 -14.6077 
979000 -14.611 
980000 -14.6144 
981000 -14.6177 
982000 -14.621 
983000 -14.6243 
984000 -14.6276 
985000 -14.6309 
986000 -14.6342 
987000 -14.6375 
988000 -14.6408 
989000 -14.6441 
990000 -14.6473 
991000 -14.6506 
992000 -14.6539 
993000 -14.6572 
994000 -14.6604 
995000 -14.6637 
996000 -14.667 
997000 -14.6702 
998000 -14.6735 
999000 -14.6767 
1e+06 -14.68 
