1000 -42.0931 
2000 -19.8065 
3000 -11.6827 
4000 -7.66529 
5000 -5.37707 
6000 -3.95662 
7000 -3.02556 
8000 -2.39363 
9000 -1.95548 
10000 -1.64848 
11000 -1.43328 
12000 -1.28408 
13000 -1.18333 
14000 -1.11878 
15000 -1.08166 
16000 -1.06556 
17000 -1.06574 
18000 -1.07857 
19000 -1.10127 
20000 -1.13175 
21000 -1.16834 
22000 -1.20975 
23000 -1.25495 
24000 -1.3031 
25000 -1.35355 
26000 -1.40577 
27000 -1.45931 
28000 -1.51382 
29000 -1.56902 
30000 -1.62467 
31000 -1.68058 
32000 -1.73658 
33000 -1.79254 
34000 -1.84836 
35000 -1.90396 
36000 -1.95925 
37000 -2.01417 
38000 -2.06869 
39000 -2.12276 
40000 -2.17634 
41000 -2.22943 
42000 -2.28198 
43000 -2.33401 
44000 -2.38548 
45000 -2.4364 
46000 -2.48676 
47000 -2.53655 
48000 -2.58578 
49000 -2.63445 
50000 -2.68257 
51000 -2.73012 
52000 -2.77713 
53000 -2.82359 
54000 -2.86951 
55000 -2.9149 
56000 -2.95976 
57000 -3.0041 
58000 -3.04794 
59000 -3.09127 
60000 -3.1341 
61000 -3.17645 
62000 -3.21831 
63000 -3.25971 
64000 -3.30064 
65000 -3.34112 
66000 -3.38115 
67000 -3.42074 
68000 -3.4599 
69000 -3.49863 
70000 -3.53695 
71000 -3.57486 
72000 -3.61237 
73000 -3.64948 
74000 -3.68621 
75000 -3.72255 
76000 -3.75852 
77000 -3.79413 
78000 -3.82937 
79000 -3.86426 
80000 -3.8988 
81000 -3.93301 
82000 -3.96687 
83000 -4.00041 
84000 -4.03362 
85000 -4.06652 
86000 -4.0991 
87000 -4.13138 
88000 -4.16335 
89000 -4.19503 
90000 -4.22641 
91000 -4.25751 
92000 -4.28833 
93000 -4.31887 
94000 -4.34914 
95000 -4.37914 
96000 -4.40888 
97000 -4.43836 
98000 -4.46758 
99000 -4.49656 
100000 -4.52528 
101000 -4.55377 
102000 -4.58201 
103000 -4.61002 
104000 -4.6378 
105000 -4.66535 
106000 -4.69268 
107000 -4.71978 
108000 -4.74667 
109000 -4.77335 
110000 -4.79981 
111000 -4.82607 
112000 -4.85212 
113000 -4.87797 
114000 -4.90362 
115000 -4.92908 
116000 -4.95435 
117000 -4.97942 
118000 -5.00431 
119000 -5.02901 
120000 -5.05353 
121000 -5.07788 
122000 -5.10204 
123000 -5.12603 
124000 -5.14985 
125000 -5.1735 
126000 -5.19699 
127000 -5.22031 
128000 -5.24346 
129000 -5.26646 
130000 -5.28929 
131000 -5.31198 
132000 -5.3345 
133000 -5.35688 
134000 -5.3791 
135000 -5.40118 
136000 -5.42311 
137000 -5.4449 
138000 -5.46654 
139000 -5.48805 
140000 -5.50941 
141000 -5.53064 
142000 -5.55173 
143000 -5.57269 
144000 -5.59352 
145000 -5.61422 
146000 -5.63479 
147000 -5.65523 
148000 -5.67554 
149000 -5.69573 
150000 -5.7158 
151000 -5.73575 
152000 -5.75557 
153000 -5.77528 
154000 -5.79487 
155000 -5.81435 
156000 -5.83371 
157000 -5.85296 
158000 -5.8721 
159000 -5.89112 
160000 -5.91004 
161000 -5.92885 
162000 -5.94755 
163000 -5.96615 
164000 -5.98464 
165000 -6.00303 
166000 -6.02132 
167000 -6.0395 
168000 -6.05759 
169000 -6.07558 
170000 -6.09347 
171000 -6.11126 
172000 -6.12896 
173000 -6.14656 
174000 -6.16407 
175000 -6.18149 
176000 -6.19881 
177000 -6.21604 
178000 -6.23319 
179000 -6.25024 
180000 -6.26721 
181000 -6.28409 
182000 -6.30088 
183000 -6.31759 
184000 -6.33421 
185000 -6.35075 
186000 -6.36721 
187000 -6.38358 
188000 -6.39988 
189000 -6.41609 
190000 -6.43222 
191000 -6.44828 
192000 -6.46425 
193000 -6.48015 
194000 -6.49598 
195000 -6.51172 
196000 -6.52739 
197000 -6.54299 
198000 -6.55851 
199000 -6.57396 
200000 -6.58934 
201000 -6.60465 
202000 -6.61988 
203000 -6.63505 
204000 -6.65014 
205000 -6.66517 
206000 -6.68012 
207000 -6.69501 
208000 -6.70983 
209000 -6.72459 
210000 -6.73928 
211000 -6.7539 
212000 -6.76846 
213000 -6.78295 
214000 -6.79738 
215000 -6.81175 
216000 -6.82605 
217000 -6.8403 
218000 -6.85448 
219000 -6.86859 
220000 -6.88265 
221000 -6.89665 
222000 -6.91059 
223000 -6.92447 
224000 -6.93829 
225000 -6.95206 
226000 -6.96576 
227000 -6.97941 
228000 -6.993 
229000 -7.00654 
230000 -7.02002 
231000 -7.03344 
232000 -7.04681 
233000 -7.06013 
234000 -7.07339 
235000 -7.0866 
236000 -7.09975 
237000 -7.11286 
238000 -7.12591 
239000 -7.1389 
240000 -7.15185 
241000 -7.16475 
242000 -7.17759 
243000 -7.19039 
244000 -7.20313 
245000 -7.21583 
246000 -7.22848 
247000 -7.24107 
248000 -7.25362 
249000 -7.26613 
250000 -7.27858 
251000 -7.29099 
252000 -7.30335 
253000 -7.31566 
254000 -7.32793 
255000 -7.34015 
256000 -7.35232 
257000 -7.36446 
258000 -7.37654 
259000 -7.38858 
260000 -7.40058 
261000 -7.41253 
262000 -7.42444 
263000 -7.43631 
264000 -7.44814 
265000 -7.45992 
266000 -7.47166 
267000 -7.48335 
268000 -7.49501 
269000 -7.50662 
270000 -7.51819 
271000 -7.52973 
272000 -7.54122 
273000 -7.55267 
274000 -7.56408 
275000 -7.57545 
276000 -7.58678 
277000 -7.59808 
278000 -7.60933 
279000 -7.62055 
280000 -7.63172 
281000 -7.64286 
282000 -7.65396 
283000 -7.66503 
284000 -7.67605 
285000 -7.68704 
286000 -7.698 
287000 -7.70891 
288000 -7.71979 
289000 -7.73063 
290000 -7.74144 
291000 -7.75221 
292000 -7.76295 
293000 -7.77365 
294000 -7.78432 
295000 -7.79495 
296000 -7.80555 
297000 -7.81611 
298000 -7.82664 
299000 -7.83713 
300000 -7.84759 
301000 -7.85802 
302000 -7.86842 
303000 -7.87878 
304000 -7.88911 
305000 -7.89941 
306000 -7.90967 
307000 -7.9199 
308000 -7.9301 
309000 -7.94027 
310000 -7.95041 
311000 -7.96051 
312000 -7.97059 
313000 -7.98063 
314000 -7.99064 
315000 -8.00062 
316000 -8.01058 
317000 -8.0205 
318000 -8.03039 
319000 -8.04025 
320000 -8.05008 
321000 -8.05988 
322000 -8.06966 
323000 -8.0794 
324000 -8.08912 
325000 -8.0988 
326000 -8.10846 
327000 -8.11809 
328000 -8.12769 
329000 -8.13726 
330000 -8.1468 
331000 -8.15632 
332000 -8.16581 
333000 -8.17527 
334000 -8.1847 
335000 -8.19411 
336000 -8.20349 
337000 -8.21284 
338000 -8.22217 
339000 -8.23147 
340000 -8.24074 
341000 -8.24999 
342000 -8.25921 
343000 -8.26841 
344000 -8.27758 
345000 -8.28672 
346000 -8.29584 
347000 -8.30493 
348000 -8.314 
349000 -8.32304 
350000 -8.33206 
351000 -8.34105 
352000 -8.35002 
353000 -8.35896 
354000 -8.36788 
355000 -8.37677 
356000 -8.38564 
357000 -8.39449 
358000 -8.40331 
359000 -8.41211 
360000 -8.42088 
361000 -8.42963 
362000 -8.43836 
363000 -8.44707 
364000 -8.45575 
365000 -8.46441 
366000 -8.47304 
367000 -8.48165 
368000 -8.49024 
369000 -8.49881 
370000 -8.50736 
371000 -8.51588 
372000 -8.52438 
373000 -8.53286 
374000 -8.54131 
375000 -8.54975 
376000 -8.55816 
377000 -8.56655 
378000 -8.57492 
379000 -8.58327 
380000 -8.5916 
381000 -8.5999 
382000 -8.60819 
383000 -8.61645 
384000 -8.62469 
385000 -8.63292 
386000 -8.64112 
387000 -8.6493 
388000 -8.65746 
389000 -8.6656 
390000 -8.67372 
391000 -8.68182 
392000 -8.6899 
393000 -8.69796 
394000 -8.706 
395000 -8.71402 
396000 -8.72202 
397000 -8.73 
398000 -8.73796 
399000 -8.7459 
400000 -8.75382 
401000 -8.76173 
402000 -8.76961 
403000 -8.77748 
404000 -8.78532 
405000 -8.79315 
406000 -8.80096 
407000 -8.80875 
408000 -8.81652 
409000 -8.82427 
410000 -8.83201 
411000 -8.83972 
412000 -8.84742 
413000 -8.8551 
414000 -8.86276 
415000 -8.87041 
416000 -8.87803 
417000 -8.88564 
418000 -8.89323 
419000 -8.90081 
420000 -8.90836 
421000 -8.9159 
422000 -8.92342 
423000 -8.93092 
424000 -8.93841 
425000 -8.94588 
426000 -8.95333 
427000 -8.96077 
428000 -8.96818 
429000 -8.97559 
430000 -8.98297 
431000 -8.99034 
432000 -8.99769 
433000 -9.00502 
434000 -9.01234 
435000 -9.01964 
436000 -9.02693 
437000 -9.0342 
438000 -9.04145 
439000 -9.04869 
440000 -9.05591 
441000 -9.06312 
442000 -9.07031 
443000 -9.07748 
444000 -9.08464 
445000 -9.09178 
446000 -9.0989 
447000 -9.10602 
448000 -9.11311 
449000 -9.12019 
450000 -9.12726 
451000 -9.1343 
452000 -9.14134 
453000 -9.14836 
454000 -9.15536 
455000 -9.16235 
456000 -9.16932 
457000 -9.17628 
458000 -9.18323 
459000 -9.19016 
460000 -9.19707 
461000 -9.20397 
462000 -9.21086 
463000 -9.21773 
464000 -9.22459 
465000 -9.23143 
466000 -9.23826 
467000 -9.24507 
468000 -9.25187 
469000 -9.25865 
470000 -9.26543 
471000 -9.27218 
472000 -9.27893 
473000 -9.28566 
474000 -9.29237 
475000 -9.29907 
476000 -9.30576 
477000 -9.31244 
478000 -9.3191 
479000 -9.32574 
480000 -9.33238 
481000 -9.339 
482000 -9.3456 
483000 -9.3522 
484000 -9.35878 
485000 -9.36534 
486000 -9.3719 
487000 -9.37844 
488000 -9.38496 
489000 -9.39148 
490000 -9.39798 
491000 -9.40447 
492000 -9.41094 
493000 -9.41741 
494000 -9.42386 
495000 -9.43029 
496000 -9.43672 
497000 -9.44313 
498000 -9.44953 
499000 -9.45591 
500000 -9.46229 
501000 -9.46865 
502000 -9.475 
503000 -9.48134 
504000 -9.48766 
505000 -9.49397 
506000 -9.50027 
507000 -9.50656 
508000 -9.51284 
509000 -9.5191 
510000 -9.52535 
511000 -9.53159 
512000 -9.53782 
513000 -9.54404 
514000 -9.55024 
515000 -9.55644 
516000 -9.56262 
517000 -9.56879 
518000 -9.57494 
519000 -9.58109 
520000 -9.58722 
521000 -9.59335 
522000 -9.59946 
523000 -9.60556 
524000 -9.61165 
525000 -9.61772 
526000 -9.62379 
527000 -9.62984 
528000 -9.63589 
529000 -9.64192 
530000 -9.64794 
531000 -9.65395 
532000 -9.65995 
533000 -9.66594 
534000 -9.67191 
535000 -9.67788 
536000 -9.68383 
537000 -9.68978 
538000 -9.69571 
539000 -9.70163 
540000 -9.70755 
541000 -9.71345 
542000 -9.71934 
543000 -9.72522 
544000 -9.73109 
545000 -9.73695 
546000 -9.74279 
547000 -9.74863 
548000 -9.75446 
549000 -9.76028 
550000 -9.76608 
551000 -9.77188 
552000 -9.77766 
553000 -9.78344 
554000 -9.78921 
555000 -9.79496 
556000 -9.80071 
557000 -9.80644 
558000 -9.81217 
559000 -9.81788 
560000 -9.82359 
561000 -9.82928 
562000 -9.83497 
563000 -9.84064 
564000 -9.84631 
565000 -9.85196 
566000 -9.85761 
567000 -9.86324 
568000 -9.86887 
569000 -9.87449 
570000 -9.88009 
571000 -9.88569 
572000 -9.89128 
573000 -9.89686 
574000 -9.90242 
575000 -9.90798 
576000 -9.91353 
577000 -9.91907 
578000 -9.9246 
579000 -9.93012 
580000 -9.93564 
581000 -9.94114 
582000 -9.94663 
583000 -9.95212 
584000 -9.95759 
585000 -9.96306 
586000 -9.96851 
587000 -9.97396 
588000 -9.9794 
589000 -9.98483 
590000 -9.99025 
591000 -9.99566 
592000 -10.0011 
593000 -10.0065 
594000 -10.0118 
595000 -10.0172 
596000 -10.0226 
597000 -10.0279 
598000 -10.0333 
599000 -10.0386 
600000 -10.044 
601000 -10.0493 
602000 -10.0546 
603000 -10.0599 
604000 -10.0652 
605000 -10.0705 
606000 -10.0758 
607000 -10.081 
608000 -10.0863 
609000 -10.0916 
610000 -10.0968 
611000 -10.102 
612000 -10.1073 
613000 -10.1125 
614000 -10.1177 
615000 -10.1229 
616000 -10.1281 
617000 -10.1333 
618000 -10.1385 
619000 -10.1436 
620000 -10.1488 
621000 -10.154 
622000 -10.1591 
623000 -10.1642 
624000 -10.1694 
625000 -10.1745 
626000 -10.1796 
627000 -10.1847 
628000 -10.1898 
629000 -10.1949 
630000 -10.2 
631000 -10.2051 
632000 -10.2101 
633000 -10.2152 
634000 -10.2202 
635000 -10.2253 
636000 -10.2303 
637000 -10.2353 
638000 -10.2404 
639000 -10.2454 
640000 -10.2504 
641000 -10.2554 
642000 -10.2604 
643000 -10.2653 
644000 -10.2703 
645000 -10.2753 
646000 -10.2802 
647000 -10.2852 
648000 -10.2901 
649000 -10.2951 
650000 -10.3 
651000 -10.3049 
652000 -10.3098 
653000 -10.3147 
654000 -10.3196 
655000 -10.3245 
656000 -10.3294 
657000 -10.3343 
658000 -10.3392 
659000 -10.344 
660000 -10.3489 
661000 -10.3537 
662000 -10.3586 
663000 -10.3634 
664000 -10.3682 
665000 -10.3731 
666000 -10.3779 
667000 -10.3827 
668000 -10.3875 
669000 -10.3923 
670000 -10.397 
671000 -10.4018 
672000 -10.4066 
673000 -10.4114 
674000 -10.4161 
675000 -10.4209 
676000 -10.4256 
677000 -10.4303 
678000 -10.4351 
679000 -10.4398 
680000 -10.4445 
681000 -10.4492 
682000 -10.4539 
683000 -10.4586 
684000 -10.4633 
685000 -10.468 
686000 -10.4726 
687000 -10.4773 
688000 -10.482 
689000 -10.4866 
690000 -10.4913 
691000 -10.4959 
692000 -10.5005 
693000 -10.5052 
694000 -10.5098 
695000 -10.5144 
696000 -10.519 
697000 -10.5236 
698000 -10.5282 
699000 -10.5328 
700000 -10.5374 
701000 -10.542 
702000 -10.5465 
703000 -10.5511 
704000 -10.5557 
705000 -10.5602 
706000 -10.5647 
707000 -10.5693 
708000 -10.5738 
709000 -10.5783 
710000 -10.5829 
711000 -10.5874 
712000 -10.5919 
713000 -10.5964 
714000 -10.6009 
715000 -10.6054 
716000 -10.6098 
717000 -10.6143 
718000 -10.6188 
719000 -10.6232 
720000 -10.6277 
721000 -10.6322 
722000 -10.6366 
723000 -10.641 
724000 -10.6455 
725000 -10.6499 
726000 -10.6543 
727000 -10.6587 
728000 -10.6631 
729000 -10.6675 
730000 -10.6719 
731000 -10.6763 
732000 -10.6807 
733000 -10.6851 
734000 -10.6895 
735000 -10.6938 
736000 -10.6982 
737000 -10.7025 
738000 -10.7069 
739000 -10.7112 
740000 -10.7156 
741000 -10.7199 
742000 -10.7242 
743000 -10.7286 
744000 -10.7329 
745000 -10.7372 
746000 -10.7415 
747000 -10.7458 
748000 -10.7501 
749000 -10.7544 
750000 -10.7586 
751000 -10.7629 
752000 -10.7672 
753000 -10.7715 
754000 -10.7757 
755000 -10.78 
756000 -10.7842 
757000 -10.7885 
758000 -10.7927 
759000 -10.7969 
760000 -10.8012 
761000 -10.8054 
762000 -10.8096 
763000 -10.8138 
764000 -10.818 
765000 -10.8222 
766000 -10.8264 
767000 -10.8306 
768000 -10.8348 
769000 -10.8389 
770000 -10.8431 
771000 -10.8473 
772000 -10.8514 
773000 -10.8556 
774000 -10.8597 
775000 -10.8639 
776000 -10.868 
777000 -10.8722 
778000 -10.8763 
779000 -10.8804 
780000 -10.8845 
781000 -10.8886 
782000 -10.8928 
783000 -10.8969 
784000 -10.901 
785000 -10.905 
786000 -10.9091 
787000 -10.9132 
788000 -10.9173 
789000 -10.9214 
790000 -10.9254 
791000 -10.9295 
792000 -10.9336 
793000 -10.9376 
794000 -10.9417 
795000 -10.9457 
796000 -10.9497 
797000 -10.9538 
798000 -10.9578 
799000 -10.9618 
800000 -10.9658 
801000 -10.9698 
802000 -10.9739 
803000 -10.9779 
804000 -10.9819 
805000 -10.9858 
806000 -10.9898 
807000 -10.9938 
808000 -10.9978 
809000 -11.0018 
810000 -11.0057 
811000 -11.0097 
812000 -11.0137 
813000 -11.0176 
814000 -11.0216 
815000 -11.0255 
816000 -11.0294 
817000 -11.0334 
818000 -11.0373 
819000 -11.0412 
820000 -11.0452 
821000 -11.0491 
822000 -11.053 
823000 -11.0569 
824000 -11.0608 
825000 -11.0647 
826000 -11.0686 
827000 -11.0725 
828000 -11.0764 
829000 -11.0802 
830000 -11.0841 
831000 -11.088 
832000 -11.0918 
833000 -11.0957 
834000 -11.0996 
835000 -11.1034 
836000 -11.1073 
837000 -11.1111 
838000 -11.1149 
839000 -11.1188 
840000 -11.1226 
841000 -11.1264 
842000 -11.1302 
843000 -11.134 
844000 -11.1379 
845000 -11.1417 
846000 -11.1455 
847000 -11.1493 
848000 -11.1531 
849000 -11.1568 
850000 -11.1606 
851000 -11.1644 
852000 -11.1682 
853000 -11.172 
854000 -11.1757 
855000 -11.1795 
856000 -11.1832 
857000 -11.187 
858000 -11.1907 
859000 -11.1945 
860000 -11.1982 
861000 -11.202 
862000 -11.2057 
863000 -11.2094 
864000 -11.2131 
865000 -11.2169 
866000 -11.2206 
867000 -11.2243 
868000 -11.228 
869000 -11.2317 
870000 -11.2354 
871000 -11.2391 
872000 -11.2428 
873000 -11.2465 
874000 -11.2502 
875000 -11.2538 
876000 -11.2575 
877000 -11.2612 
878000 -11.2648 
879000 -11.2685 
880000 -11.2722 
881000 -11.2758 
882000 -11.2795 
883000 -11.2831 
884000 -11.2867 
885000 -11.2904 
886000 -11.294 
887000 -11.2976 
888000 -11.3013 
889000 -11.3049 
890000 -11.3085 
891000 -11.3121 
892000 -11.3157 
893000 -11.3193 
894000 -11.3229 
895000 -11.3265 
896000 -11.3301 
897000 -11.3337 
898000 -11.3373 
899000 -11.3409 
900000 -11.3444 
901000 -11.348 
902000 -11.3516 
903000 -11.3551 
904000 -11.3587 
905000 -11.3623 
906000 -11.3658 
907000 -11.3694 
908000 -11.3729 
909000 -11.3764 
910000 -11.38 
911000 -11.3835 
912000 -11.387 
913000 -11.3906 
914000 -11.3941 
915000 -11.3976 
916000 -11.4011 
917000 -11.4046 
918000 -11.4081 
919000 -11.4116 
920000 -11.4151 
921000 -11.4186 
922000 -11.4221 
923000 -11.4256 
924000 -11.4291 
925000 -11.4326 
926000 -11.4361 
927000 -11.4395 
928000 -11.443 
929000 -11.4465 
930000 -11.4499 
931000 -11.4534 
932000 -11.4569 
933000 -11.4603 
934000 -11.4638 
935000 -11.4672 
936000 -11.4706 
937000 -11.4741 
938000 -11.4775 
939000 -11.4809 
940000 -11.4844 
941000 -11.4878 
942000 -11.4912 
943000 -11.4946 
944000 -11.498 
945000 -11.5014 
946000 -11.5048 
947000 -11.5082 
948000 -11.5116 
949000 -11.515 
950000 -11.5184 
951000 -11.5218 
952000 -11.5252 
953000 -11.5286 
954000 -11.5319 
955000 -11.5353 
956000 -11.5387 
957000 -11.5421 
958000 -11.5454 
959000 -11.5488 
960000 -11.5521 
961000 -11.5555 
962000 -11.5588 
963000 -11.5622 
964000 -11.5655 
965000 -11.5689 
966000 -11.5722 
967000 -11.5755 
968000 -11.5789 
969000 -11.5822 
970000 -11.5855 
971000 -11.5888 
972000 -11.5921 
973000 -11.5954 
974000 -11.5987 
975000 -11.6021 
976000 -11.6054 
977000 -11.6087 
978000 -11.6119 
979000 -11.6152 
980000 -11.6185 
981000 -11.6218 
982000 -11.6251 
983000 -11.6284 
984000 -11.6316 
985000 -11.6349 
986000 -11.6382 
987000 -11.6414 
988000 -11.6447 
989000 -11.648 
990000 -11.6512 
991000 -11.6545 
992000 -11.6577 
993000 -11.661 
994000 -11.6642 
995000 -11.6674 
996000 -11.6707 
997000 -11.6739 
998000 -11.6771 
999000 -11.6804 
1e+06 -11.6836 
