1000 -28.7055 
2000 -10.857 
3000 -5.50597 
4000 -3.15693 
5000 -1.95119 
6000 -1.28544 
7000 -0.908885 
8000 -0.70034 
9000 -0.595006 
10000 -0.555631 
11000 -0.559611 
12000 -0.592643 
13000 -0.645376 
14000 -0.711528 
15000 -0.786787 
16000 -0.868145 
17000 -0.953466 
18000 -1.04122 
19000 -1.13031 
20000 -1.21993 
21000 -1.30949 
22000 -1.39857 
23000 -1.48685 
24000 -1.57411 
25000 -1.66019 
26000 -1.74499 
27000 -1.82842 
28000 -1.91044 
29000 -1.99103 
30000 -2.07018 
31000 -2.14788 
32000 -2.22416 
33000 -2.29902 
34000 -2.3725 
35000 -2.44462 
36000 -2.51541 
37000 -2.5849 
38000 -2.65312 
39000 -2.7201 
40000 -2.78589 
41000 -2.85051 
42000 -2.91399 
43000 -2.97636 
44000 -3.03767 
45000 -3.09793 
46000 -3.15718 
47000 -3.21544 
48000 -3.27276 
49000 -3.32914 
50000 -3.38462 
51000 -3.43923 
52000 -3.49299 
53000 -3.54592 
54000 -3.59804 
55000 -3.64938 
56000 -3.69997 
57000 -3.74981 
58000 -3.79893 
59000 -3.84736 
60000 -3.8951 
61000 -3.94218 
62000 -3.9886 
63000 -4.0344 
64000 -4.07959 
65000 -4.12418 
66000 -4.16818 
67000 -4.21161 
68000 -4.25449 
69000 -4.29683 
70000 -4.33864 
71000 -4.37993 
72000 -4.42072 
73000 -4.46101 
74000 -4.50083 
75000 -4.54017 
76000 -4.57906 
77000 -4.61749 
78000 -4.65549 
79000 -4.69306 
80000 -4.7302 
81000 -4.76694 
82000 -4.80328 
83000 -4.83922 
84000 -4.87477 
85000 -4.90995 
86000 -4.94476 
87000 -4.9792 
88000 -5.0133 
89000 -5.04704 
90000 -5.08044 
91000 -5.11351 
92000 -5.14625 
93000 -5.17867 
94000 -5.21078 
95000 -5.24257 
96000 -5.27406 
97000 -5.30526 
98000 -5.33616 
99000 -5.36677 
100000 -5.39711 
101000 -5.42716 
102000 -5.45695 
103000 -5.48646 
104000 -5.51572 
105000 -5.54472 
106000 -5.57346 
107000 -5.60196 
108000 -5.63021 
109000 -5.65822 
110000 -5.68599 
111000 -5.71353 
112000 -5.74084 
113000 -5.76793 
114000 -5.7948 
115000 -5.82145 
116000 -5.84788 
117000 -5.8741 
118000 -5.90012 
119000 -5.92593 
120000 -5.95153 
121000 -5.97695 
122000 -6.00216 
123000 -6.02718 
124000 -6.05202 
125000 -6.07666 
126000 -6.10113 
127000 -6.12541 
128000 -6.14951 
129000 -6.17344 
130000 -6.1972 
131000 -6.22078 
132000 -6.24419 
133000 -6.26744 
134000 -6.29053 
135000 -6.31345 
136000 -6.33622 
137000 -6.35882 
138000 -6.38128 
139000 -6.40358 
140000 -6.42573 
141000 -6.44773 
142000 -6.46958 
143000 -6.49129 
144000 -6.51285 
145000 -6.53428 
146000 -6.55556 
147000 -6.57671 
148000 -6.59772 
149000 -6.6186 
150000 -6.63935 
151000 -6.65996 
152000 -6.68045 
153000 -6.7008 
154000 -6.72104 
155000 -6.74115 
156000 -6.76113 
157000 -6.78099 
158000 -6.80074 
159000 -6.82036 
160000 -6.83987 
161000 -6.85927 
162000 -6.87854 
163000 -6.89771 
164000 -6.91676 
165000 -6.93571 
166000 -6.95454 
167000 -6.97327 
168000 -6.99189 
169000 -7.0104 
170000 -7.02881 
171000 -7.04712 
172000 -7.06533 
173000 -7.08343 
174000 -7.10143 
175000 -7.11934 
176000 -7.13715 
177000 -7.15486 
178000 -7.17248 
179000 -7.19 
180000 -7.20743 
181000 -7.22476 
182000 -7.24201 
183000 -7.25916 
184000 -7.27623 
185000 -7.2932 
186000 -7.31009 
187000 -7.32689 
188000 -7.34361 
189000 -7.36024 
190000 -7.37678 
191000 -7.39325 
192000 -7.40963 
193000 -7.42592 
194000 -7.44214 
195000 -7.45828 
196000 -7.47434 
197000 -7.49032 
198000 -7.50622 
199000 -7.52204 
200000 -7.53779 
201000 -7.55346 
202000 -7.56906 
203000 -7.58458 
204000 -7.60003 
205000 -7.61541 
206000 -7.63072 
207000 -7.64595 
208000 -7.66111 
209000 -7.67621 
210000 -7.69123 
211000 -7.70619 
212000 -7.72107 
213000 -7.73589 
214000 -7.75064 
215000 -7.76533 
216000 -7.77995 
217000 -7.7945 
218000 -7.80899 
219000 -7.82342 
220000 -7.83778 
221000 -7.85208 
222000 -7.86632 
223000 -7.88049 
224000 -7.89461 
225000 -7.90866 
226000 -7.92266 
227000 -7.93659 
228000 -7.95046 
229000 -7.96428 
230000 -7.97804 
231000 -7.99173 
232000 -8.00538 
233000 -8.01896 
234000 -8.03249 
235000 -8.04596 
236000 -8.05938 
237000 -8.07275 
238000 -8.08605 
239000 -8.09931 
240000 -8.11251 
241000 -8.12566 
242000 -8.13875 
243000 -8.15179 
244000 -8.16478 
245000 -8.17772 
246000 -8.19061 
247000 -8.20345 
248000 -8.21623 
249000 -8.22897 
250000 -8.24166 
251000 -8.2543 
252000 -8.26689 
253000 -8.27943 
254000 -8.29192 
255000 -8.30437 
256000 -8.31676 
257000 -8.32912 
258000 -8.34142 
259000 -8.35368 
260000 -8.36589 
261000 -8.37806 
262000 -8.39018 
263000 -8.40226 
264000 -8.41429 
265000 -8.42628 
266000 -8.43822 
267000 -8.45012 
268000 -8.46198 
269000 -8.47379 
270000 -8.48556 
271000 -8.49729 
272000 -8.50898 
273000 -8.52063 
274000 -8.53223 
275000 -8.54379 
276000 -8.55532 
277000 -8.5668 
278000 -8.57824 
279000 -8.58964 
280000 -8.601 
281000 -8.61232 
282000 -8.62361 
283000 -8.63485 
284000 -8.64606 
285000 -8.65722 
286000 -8.66835 
287000 -8.67944 
288000 -8.6905 
289000 -8.70151 
290000 -8.71249 
291000 -8.72343 
292000 -8.73434 
293000 -8.74521 
294000 -8.75604 
295000 -8.76684 
296000 -8.7776 
297000 -8.78833 
298000 -8.79902 
299000 -8.80968 
300000 -8.8203 
301000 -8.83088 
302000 -8.84144 
303000 -8.85196 
304000 -8.86244 
305000 -8.87289 
306000 -8.88331 
307000 -8.89369 
308000 -8.90405 
309000 -8.91437 
310000 -8.92465 
311000 -8.93491 
312000 -8.94513 
313000 -8.95532 
314000 -8.96548 
315000 -8.9756 
316000 -8.9857 
317000 -8.99576 
318000 -9.0058 
319000 -9.0158 
320000 -9.02577 
321000 -9.03571 
322000 -9.04562 
323000 -9.0555 
324000 -9.06536 
325000 -9.07518 
326000 -9.08497 
327000 -9.09473 
328000 -9.10447 
329000 -9.11417 
330000 -9.12385 
331000 -9.13349 
332000 -9.14311 
333000 -9.1527 
334000 -9.16227 
335000 -9.1718 
336000 -9.18131 
337000 -9.19079 
338000 -9.20024 
339000 -9.20966 
340000 -9.21906 
341000 -9.22843 
342000 -9.23777 
343000 -9.24709 
344000 -9.25638 
345000 -9.26564 
346000 -9.27488 
347000 -9.28409 
348000 -9.29327 
349000 -9.30243 
350000 -9.31157 
351000 -9.32068 
352000 -9.32976 
353000 -9.33882 
354000 -9.34785 
355000 -9.35686 
356000 -9.36584 
357000 -9.3748 
358000 -9.38373 
359000 -9.39264 
360000 -9.40152 
361000 -9.41039 
362000 -9.41922 
363000 -9.42803 
364000 -9.43682 
365000 -9.44559 
366000 -9.45433 
367000 -9.46305 
368000 -9.47174 
369000 -9.48042 
370000 -9.48907 
371000 -9.49769 
372000 -9.50629 
373000 -9.51488 
374000 -9.52343 
375000 -9.53197 
376000 -9.54048 
377000 -9.54897 
378000 -9.55744 
379000 -9.56589 
380000 -9.57432 
381000 -9.58272 
382000 -9.5911 
383000 -9.59946 
384000 -9.6078 
385000 -9.61612 
386000 -9.62442 
387000 -9.63269 
388000 -9.64095 
389000 -9.64918 
390000 -9.65739 
391000 -9.66559 
392000 -9.67376 
393000 -9.68191 
394000 -9.69004 
395000 -9.69815 
396000 -9.70624 
397000 -9.71431 
398000 -9.72236 
399000 -9.7304 
400000 -9.73841 
401000 -9.7464 
402000 -9.75437 
403000 -9.76232 
404000 -9.77026 
405000 -9.77817 
406000 -9.78607 
407000 -9.79394 
408000 -9.8018 
409000 -9.80964 
410000 -9.81745 
411000 -9.82526 
412000 -9.83304 
413000 -9.8408 
414000 -9.84854 
415000 -9.85627 
416000 -9.86398 
417000 -9.87167 
418000 -9.87934 
419000 -9.88699 
420000 -9.89463 
421000 -9.90225 
422000 -9.90985 
423000 -9.91743 
424000 -9.925 
425000 -9.93254 
426000 -9.94007 
427000 -9.94759 
428000 -9.95508 
429000 -9.96256 
430000 -9.97002 
431000 -9.97747 
432000 -9.98489 
433000 -9.9923 
434000 -9.9997 
435000 -10.0071 
436000 -10.0144 
437000 -10.0218 
438000 -10.0291 
439000 -10.0364 
440000 -10.0437 
441000 -10.051 
442000 -10.0582 
443000 -10.0655 
444000 -10.0727 
445000 -10.0799 
446000 -10.0871 
447000 -10.0943 
448000 -10.1015 
449000 -10.1086 
450000 -10.1158 
451000 -10.1229 
452000 -10.13 
453000 -10.1371 
454000 -10.1441 
455000 -10.1512 
456000 -10.1582 
457000 -10.1653 
458000 -10.1723 
459000 -10.1793 
460000 -10.1863 
461000 -10.1932 
462000 -10.2002 
463000 -10.2071 
464000 -10.214 
465000 -10.2209 
466000 -10.2278 
467000 -10.2347 
468000 -10.2416 
469000 -10.2484 
470000 -10.2553 
471000 -10.2621 
472000 -10.2689 
473000 -10.2757 
474000 -10.2825 
475000 -10.2892 
476000 -10.296 
477000 -10.3027 
478000 -10.3094 
479000 -10.3161 
480000 -10.3228 
481000 -10.3295 
482000 -10.3362 
483000 -10.3428 
484000 -10.3495 
485000 -10.3561 
486000 -10.3627 
487000 -10.3693 
488000 -10.3759 
489000 -10.3825 
490000 -10.389 
491000 -10.3956 
492000 -10.4021 
493000 -10.4086 
494000 -10.4151 
495000 -10.4216 
496000 -10.4281 
497000 -10.4346 
498000 -10.441 
499000 -10.4475 
500000 -10.4539 
501000 -10.4603 
502000 -10.4667 
503000 -10.4731 
504000 -10.4795 
505000 -10.4859 
506000 -10.4922 
507000 -10.4986 
508000 -10.5049 
509000 -10.5112 
510000 -10.5175 
511000 -10.5238 
512000 -10.5301 
513000 -10.5364 
514000 -10.5426 
515000 -10.5489 
516000 -10.5551 
517000 -10.5613 
518000 -10.5676 
519000 -10.5738 
520000 -10.5799 
521000 -10.5861 
522000 -10.5923 
523000 -10.5984 
524000 -10.6046 
525000 -10.6107 
526000 -10.6168 
527000 -10.6229 
528000 -10.629 
529000 -10.6351 
530000 -10.6412 
531000 -10.6472 
532000 -10.6533 
533000 -10.6593 
534000 -10.6653 
535000 -10.6713 
536000 -10.6774 
537000 -10.6833 
538000 -10.6893 
539000 -10.6953 
540000 -10.7013 
541000 -10.7072 
542000 -10.7131 
543000 -10.7191 
544000 -10.725 
545000 -10.7309 
546000 -10.7368 
547000 -10.7427 
548000 -10.7485 
549000 -10.7544 
550000 -10.7603 
551000 -10.7661 
552000 -10.7719 
553000 -10.7778 
554000 -10.7836 
555000 -10.7894 
556000 -10.7952 
557000 -10.8009 
558000 -10.8067 
559000 -10.8125 
560000 -10.8182 
561000 -10.824 
562000 -10.8297 
563000 -10.8354 
564000 -10.8411 
565000 -10.8468 
566000 -10.8525 
567000 -10.8582 
568000 -10.8639 
569000 -10.8695 
570000 -10.8752 
571000 -10.8808 
572000 -10.8864 
573000 -10.8921 
574000 -10.8977 
575000 -10.9033 
576000 -10.9089 
577000 -10.9144 
578000 -10.92 
579000 -10.9256 
580000 -10.9311 
581000 -10.9367 
582000 -10.9422 
583000 -10.9477 
584000 -10.9533 
585000 -10.9588 
586000 -10.9643 
587000 -10.9697 
588000 -10.9752 
589000 -10.9807 
590000 -10.9862 
591000 -10.9916 
592000 -10.9971 
593000 -11.0025 
594000 -11.0079 
595000 -11.0133 
596000 -11.0187 
597000 -11.0241 
598000 -11.0295 
599000 -11.0349 
600000 -11.0403 
601000 -11.0456 
602000 -11.051 
603000 -11.0563 
604000 -11.0617 
605000 -11.067 
606000 -11.0723 
607000 -11.0776 
608000 -11.0829 
609000 -11.0882 
610000 -11.0935 
611000 -11.0988 
612000 -11.104 
613000 -11.1093 
614000 -11.1145 
615000 -11.1198 
616000 -11.125 
617000 -11.1302 
618000 -11.1355 
619000 -11.1407 
620000 -11.1459 
621000 -11.151 
622000 -11.1562 
623000 -11.1614 
624000 -11.1666 
625000 -11.1717 
626000 -11.1769 
627000 -11.182 
628000 -11.1872 
629000 -11.1923 
630000 -11.1974 
631000 -11.2025 
632000 -11.2076 
633000 -11.2127 
634000 -11.2178 
635000 -11.2229 
636000 -11.2279 
637000 -11.233 
638000 -11.2381 
639000 -11.2431 
640000 -11.2481 
641000 -11.2532 
642000 -11.2582 
643000 -11.2632 
644000 -11.2682 
645000 -11.2732 
646000 -11.2782 
647000 -11.2832 
648000 -11.2882 
649000 -11.2931 
650000 -11.2981 
651000 -11.303 
652000 -11.308 
653000 -11.3129 
654000 -11.3179 
655000 -11.3228 
656000 -11.3277 
657000 -11.3326 
658000 -11.3375 
659000 -11.3424 
660000 -11.3473 
661000 -11.3522 
662000 -11.3571 
663000 -11.3619 
664000 -11.3668 
665000 -11.3716 
666000 -11.3765 
667000 -11.3813 
668000 -11.3861 
669000 -11.391 
670000 -11.3958 
671000 -11.4006 
672000 -11.4054 
673000 -11.4102 
674000 -11.415 
675000 -11.4197 
676000 -11.4245 
677000 -11.4293 
678000 -11.434 
679000 -11.4388 
680000 -11.4435 
681000 -11.4483 
682000 -11.453 
683000 -11.4577 
684000 -11.4624 
685000 -11.4672 
686000 -11.4719 
687000 -11.4766 
688000 -11.4812 
689000 -11.4859 
690000 -11.4906 
691000 -11.4953 
692000 -11.4999 
693000 -11.5046 
694000 -11.5092 
695000 -11.5139 
696000 -11.5185 
697000 -11.5232 
698000 -11.5278 
699000 -11.5324 
700000 -11.537 
701000 -11.5416 
702000 -11.5462 
703000 -11.5508 
704000 -11.5554 
705000 -11.56 
706000 -11.5645 
707000 -11.5691 
708000 -11.5737 
709000 -11.5782 
710000 -11.5828 
711000 -11.5873 
712000 -11.5918 
713000 -11.5964 
714000 -11.6009 
715000 -11.6054 
716000 -11.6099 
717000 -11.6144 
718000 -11.6189 
719000 -11.6234 
720000 -11.6279 
721000 -11.6323 
722000 -11.6368 
723000 -11.6413 
724000 -11.6457 
725000 -11.6502 
726000 -11.6546 
727000 -11.6591 
728000 -11.6635 
729000 -11.6679 
730000 -11.6724 
731000 -11.6768 
732000 -11.6812 
733000 -11.6856 
734000 -11.69 
735000 -11.6944 
736000 -11.6988 
737000 -11.7032 
738000 -11.7075 
739000 -11.7119 
740000 -11.7163 
741000 -11.7206 
742000 -11.725 
743000 -11.7293 
744000 -11.7337 
745000 -11.738 
746000 -11.7423 
747000 -11.7467 
748000 -11.751 
749000 -11.7553 
750000 -11.7596 
751000 -11.7639 
752000 -11.7682 
753000 -11.7725 
754000 -11.7768 
755000 -11.781 
756000 -11.7853 
757000 -11.7896 
758000 -11.7938 
759000 -11.7981 
760000 -11.8023 
761000 -11.8066 
762000 -11.8108 
763000 -11.8151 
764000 -11.8193 
765000 -11.8235 
766000 -11.8277 
767000 -11.8319 
768000 -11.8361 
769000 -11.8403 
770000 -11.8445 
771000 -11.8487 
772000 -11.8529 
773000 -11.8571 
774000 -11.8613 
775000 -11.8654 
776000 -11.8696 
777000 -11.8737 
778000 -11.8779 
779000 -11.882 
780000 -11.8862 
781000 -11.8903 
782000 -11.8945 
783000 -11.8986 
784000 -11.9027 
785000 -11.9068 
786000 -11.9109 
787000 -11.915 
788000 -11.9191 
789000 -11.9232 
790000 -11.9273 
791000 -11.9314 
792000 -11.9355 
793000 -11.9396 
794000 -11.9436 
795000 -11.9477 
796000 -11.9517 
797000 -11.9558 
798000 -11.9598 
799000 -11.9639 
800000 -11.9679 
801000 -11.972 
802000 -11.976 
803000 -11.98 
804000 -11.984 
805000 -11.9881 
806000 -11.9921 
807000 -11.9961 
808000 -12.0001 
809000 -12.0041 
810000 -12.008 
811000 -12.012 
812000 -12.016 
813000 -12.02 
814000 -12.024 
815000 -12.0279 
816000 -12.0319 
817000 -12.0358 
818000 -12.0398 
819000 -12.0437 
820000 -12.0477 
821000 -12.0516 
822000 -12.0555 
823000 -12.0595 
824000 -12.0634 
825000 -12.0673 
826000 -12.0712 
827000 -12.0751 
828000 -12.079 
829000 -12.0829 
830000 -12.0868 
831000 -12.0907 
832000 -12.0946 
833000 -12.0985 
834000 -12.1024 
835000 -12.1062 
836000 -12.1101 
837000 -12.114 
838000 -12.1178 
839000 -12.1217 
840000 -12.1255 
841000 -12.1294 
842000 -12.1332 
843000 -12.137 
844000 -12.1409 
845000 -12.1447 
846000 -12.1485 
847000 -12.1523 
848000 -12.1561 
849000 -12.1599 
850000 -12.1637 
851000 -12.1675 
852000 -12.1713 
853000 -12.1751 
854000 -12.1789 
855000 -12.1827 
856000 -12.1865 
857000 -12.1902 
858000 -12.194 
859000 -12.1978 
860000 -12.2015 
861000 -12.2053 
862000 -12.209 
863000 -12.2128 
864000 -12.2165 
865000 -12.2203 
866000 -12.224 
867000 -12.2277 
868000 -12.2315 
869000 -12.2352 
870000 -12.2389 
871000 -12.2426 
872000 -12.2463 
873000 -12.25 
874000 -12.2537 
875000 -12.2574 
876000 -12.2611 
877000 -12.2648 
878000 -12.2685 
879000 -12.2722 
880000 -12.2758 
881000 -12.2795 
882000 -12.2832 
883000 -12.2868 
884000 -12.2905 
885000 -12.2941 
886000 -12.2978 
887000 -12.3014 
888000 -12.3051 
889000 -12.3087 
890000 -12.3123 
891000 -12.316 
892000 -12.3196 
893000 -12.3232 
894000 -12.3268 
895000 -12.3305 
896000 -12.3341 
897000 -12.3377 
898000 -12.3413 
899000 -12.3449 
900000 -12.3485 
901000 -12.352 
902000 -12.3556 
903000 -12.3592 
904000 -12.3628 
905000 -12.3664 
906000 -12.3699 
907000 -12.3735 
908000 -12.3771 
909000 -12.3806 
910000 -12.3842 
911000 -12.3877 
912000 -12.3913 
913000 -12.3948 
914000 -12.3984 
915000 -12.4019 
916000 -12.4054 
917000 -12.4089 
918000 -12.4125 
919000 -12.416 
920000 -12.4195 
921000 -12.423 
922000 -12.4265 
923000 -12.43 
924000 -12.4335 
925000 -12.437 
926000 -12.4405 
927000 -12.444 
928000 -12.4475 
929000 -12.451 
930000 -12.4545 
931000 -12.4579 
932000 -12.4614 
933000 -12.4649 
934000 -12.4683 
935000 -12.4718 
936000 -12.4752 
937000 -12.4787 
938000 -12.4821 
939000 -12.4856 
940000 -12.489 
941000 -12.4925 
942000 -12.4959 
943000 -12.4993 
944000 -12.5028 
945000 -12.5062 
946000 -12.5096 
947000 -12.513 
948000 -12.5164 
949000 -12.5198 
950000 -12.5233 
951000 -12.5267 
952000 -12.5301 
953000 -12.5334 
954000 -12.5368 
955000 -12.5402 
956000 -12.5436 
957000 -12.547 
958000 -12.5504 
959000 -12.5537 
960000 -12.5571 
961000 -12.5605 
962000 -12.5638 
963000 -12.5672 
964000 -12.5706 
965000 -12.5739 
966000 -12.5773 
967000 -12.5806 
968000 -12.584 
969000 -12.5873 
970000 -12.5906 
971000 -12.594 
972000 -12.5973 
973000 -12.6006 
974000 -12.6039 
975000 -12.6073 
976000 -12.6106 
977000 -12.6139 
978000 -12.6172 
979000 -12.6205 
980000 -12.6238 
981000 -12.6271 
982000 -12.6304 
983000 -12.6337 
984000 -12.637 
985000 -12.6403 
986000 -12.6435 
987000 -12.6468 
988000 -12.6501 
989000 -12.6534 
990000 -12.6566 
991000 -12.6599 
992000 -12.6632 
993000 -12.6664 
994000 -12.6697 
995000 -12.6729 
996000 -12.6762 
997000 -12.6794 
998000 -12.6827 
999000 -12.6859 
1e+06 -12.6891 
