3050 9.82926e+14 0.016
3100 9.67072e+14 0.068
3150 9.51722e+14 0.167
3200 9.36851e+14 0.287
3250 9.22438e+14 0.423
3300 9.08462e+14 0.56
3350 8.94903e+14 0.673
3400 8.81743e+14 0.772
3450 8.68964e+14 0.841
3500 8.5655e+14 0.905
3550 8.44486e+14 0.943
3600 8.32757e+14 0.981
3650 8.21349e+14 0.993
3700 8.1025e+14 1.0
3750 7.99447e+14 0.989
3800 7.88928e+14 0.916
3850 7.78682e+14 0.804
3900 7.68699e+14 0.625
3950 7.58968e+14 0.423
4000 7.49481e+14 0.238
4050 7.40228e+14 0.114
4100 7.31201e+14 0.051
4150 7.22391e+14 0.019
