1.000000000000000000e+03 -2.870550000000000068e+01 -1.880010000000000048e+01 -1.278490000000000038e+01 -9.210359999999999658e+00 -6.439790000000000347e+00 -2.717610000000000170e+01 -2.029629999999999868e+01 -1.500329999999999941e+01 -7.542580000000000062e+00 -1.065099999999999980e+01 -4.423610000000000042e+01 -7.580249999999999488e+01 -4.209309999999999974e+01 -2.522939999999999827e+01 -2.884039999999999893e+01
2.000000000000000000e+03 -1.085699999999999932e+01 -6.422399999999999665e+00 -3.561770000000000103e+00 -2.022450000000000081e+00 -9.179559999999999942e-01 -9.791059999999999874e+00 -7.347019999999999662e+00 -4.670819999999999972e+00 -1.085090000000000110e+00 -2.795619999999999994e+00 -1.912099999999999866e+01 -3.422240000000000038e+01 -1.980649999999999977e+01 -1.283840000000000003e+01 -1.506649999999999956e+01
3.000000000000000000e+03 -5.505969999999999587e+00 -2.879049999999999887e+00 -1.168129999999999891e+00 -3.284889999999999755e-01 2.241670000000000051e-01 -4.566279999999999895e+00 -3.489669999999999828e+00 -1.808089999999999975e+00 3.686969999999999970e-01 -7.044519999999999671e-01 -1.104410000000000025e+01 -2.075740000000000052e+01 -1.168270000000000053e+01 -8.436949999999999505e+00 -1.048830000000000062e+01
4.000000000000000000e+03 -3.156930000000000014e+00 -1.420989999999999975e+00 -3.190359999999999863e-01 1.665179999999999993e-01 4.476220000000000199e-01 -2.272769999999999957e+00 -1.855939999999999923e+00 -7.099769999999999692e-01 7.464939999999999909e-01 2.447179999999999842e-02 -7.228959999999999830e+00 -1.421449999999999925e+01 -7.665289999999999715e+00 -5.914500000000000313e+00 -7.755150000000000432e+00
5.000000000000000000e+03 -1.951189999999999980e+00 -7.431010000000000115e-01 -1.740529999999999855e-02 2.576339999999999741e-01 3.808119999999999838e-01 -1.097350000000000048e+00 -1.069379999999999997e+00 -2.563639999999999808e-01 7.697220000000000173e-01 2.644219999999999904e-01 -5.083289999999999864e+00 -1.041649999999999920e+01 -5.377069999999999794e+00 -4.270760000000000112e+00 -5.857440000000000424e+00
6.000000000000000000e+03 -1.285439999999999916e+00 -4.245889999999999942e-01 4.794160000000000088e-02 1.856790000000000107e-01 2.073889999999999900e-01 -4.503820000000000046e-01 -6.782259999999999955e-01 -9.009830000000000616e-02 6.543090000000000295e-01 2.932310000000000194e-01 -3.754950000000000010e+00 -7.982190000000000119e+00 -3.956620000000000026e+00 -3.142339999999999911e+00 -4.535800000000000054e+00
7.000000000000000000e+03 -9.088850000000000540e-01 -2.922350000000000225e-01 1.566960000000000054e-04 4.253570000000000267e-02 -5.625520000000000173e-03 -8.644499999999999407e-02 -4.945120000000000071e-01 -6.689330000000000276e-02 4.813680000000000181e-01 2.217069999999999874e-01 -2.883970000000000145e+00 -6.320870000000000211e+00 -3.025560000000000027e+00 -2.393990000000000062e+00 -3.607540000000000191e+00
8.000000000000000000e+03 -7.003399999999999626e-01 -2.635830000000000117e-01 -1.047740000000000060e-01 -1.317440000000000000e-01 -2.303469999999999962e-01 1.131309999999999955e-01 -4.279950000000000143e-01 -1.196399999999999963e-01 2.855960000000000165e-01 1.003740000000000049e-01 -2.292320000000000135e+00 -5.137319999999999887e+00 -2.393629999999999924e+00 -1.891089999999999938e+00 -2.945759999999999934e+00
9.000000000000000000e+03 -5.950060000000000349e-01 -2.954229999999999912e-01 -2.386270000000000058e-01 -3.181590000000000251e-01 -4.545310000000000183e-01 2.118190000000000073e-01 -4.309899999999999842e-01 -2.140670000000000073e-01 8.304480000000000195e-02 -4.562709999999999683e-02 -1.881999999999999895e+00 -4.267809999999999881e+00 -1.955480000000000107e+00 -1.550200000000000022e+00 -2.458190000000000097e+00
1.000000000000000000e+04 -5.556309999999999860e-01 -3.635109999999999730e-01 -3.866809999999999969e-01 -5.072330000000000449e-01 -6.728429999999999689e-01 2.461079999999999934e-01 -4.765130000000000199e-01 -3.314929999999999821e-01 -1.185380000000000045e-01 -2.030230000000000090e-01 -1.594740000000000046e+00 -3.614479999999999915e+00 -1.648479999999999945e+00 -1.318429999999999991e+00 -2.098289999999999988e+00
1.100000000000000000e+04 -5.596109999999999696e-01 -4.535560000000000147e-01 -5.408190000000000497e-01 -6.941289999999999960e-01 -8.829099999999999726e-01 2.381340000000000123e-01 -5.485189999999999788e-01 -4.612399999999999833e-01 -3.153819999999999957e-01 -3.645240000000000147e-01 -1.393899999999999917e+00 -3.115349999999999842e+00 -1.433280000000000109e+00 -1.160719999999999974e+00 -1.831069999999999975e+00
1.200000000000000000e+04 -5.926430000000000309e-01 -5.567980000000000151e-01 -6.964010000000000478e-01 -8.763910000000000311e-01 -1.084179999999999922e+00 2.018969999999999931e-01 -6.370710000000000539e-01 -5.969989999999999464e-01 -5.057260000000000089e-01 -5.260340000000000016e-01 -1.255349999999999966e+00 -2.729429999999999801e+00 -1.284080000000000110e+00 -1.053390000000000049e+00 -1.633210000000000051e+00
1.300000000000000000e+04 -6.453759999999999497e-01 -6.677079999999999682e-01 -8.507369999999999655e-01 -1.052829999999999933e+00 -1.277290000000000036e+00 1.465470000000000106e-01 -7.358280000000000376e-01 -7.349510000000000209e-01 -6.888490000000000446e-01 -6.852380000000000138e-01 -1.162649999999999961e+00 -2.428599999999999870e+00 -1.183329999999999993e+00 -9.897219999999999906e-01 -1.487759999999999971e+00
1.400000000000000000e+04 -7.115280000000000493e-01 -7.827250000000000041e-01 -1.002280000000000060e+00 -1.222960000000000047e+00 -1.461519999999999930e+00 7.822300000000000086e-02 -8.406489999999999796e-01 -8.727580000000000338e-01 -8.645869999999999944e-01 -8.408459999999999823e-01 -1.104289999999999994e+00 -2.192930000000000046e+00 -1.118780000000000108e+00 -9.579260000000000552e-01 -1.382800000000000029e+00
1.500000000000000000e+04 -7.867870000000000141e-01 -8.995189999999999575e-01 -1.150190000000000046e+00 -1.386670000000000069e+00 -1.637110000000000065e+00 1.136850000000000013e-03 -9.487839999999999607e-01 -1.008979999999999988e+00 -1.033069999999999933e+00 -9.921750000000000291e-01 -1.071989999999999998e+00 -2.008020000000000138e+00 -1.081660000000000066e+00 -9.533509999999999485e-01 -1.309279999999999999e+00
1.600000000000000000e+04 -8.681449999999999445e-01 -1.016550000000000065e+00 -1.294010000000000105e+00 -1.544079999999999897e+00 -1.802540000000000031e+00 -8.177500000000000047e-02 -1.058380000000000098e+00 -1.142749999999999932e+00 -1.194579999999999975e+00 -1.138900000000000023e+00 -1.059690000000000021e+00 -1.863159999999999927e+00 -1.065560000000000063e+00 -9.673019999999999952e-01 -1.260529999999999928e+00
1.700000000000000000e+04 -9.534660000000000357e-01 -1.132789999999999964e+00 -1.433519999999999905e+00 -1.695380000000000109e+00 -1.961189999999999989e+00 -1.684340000000000004e-01 -1.168190000000000062e+00 -1.273539999999999894e+00 -1.349460000000000104e+00 -1.280929999999999902e+00 -1.062869999999999981e+00 -1.750299999999999967e+00 -1.065739999999999910e+00 -9.940780000000000172e-01 -1.231230000000000047e+00
1.800000000000000000e+04 -1.041220000000000034e+00 -1.247579999999999911e+00 -1.568689999999999918e+00 -1.840850000000000097e+00 -2.116769999999999818e+00 -2.573509999999999964e-01 -1.277349999999999985e+00 -1.401080000000000103e+00 -1.498099999999999987e+00 -1.418299999999999894e+00 -1.078109999999999902e+00 -1.663259999999999961e+00 -1.078570000000000029e+00 -1.031250000000000000e+00 -1.217279999999999918e+00
1.900000000000000000e+04 -1.130309999999999926e+00 -1.360470000000000068e+00 -1.699559999999999960e+00 -1.980820000000000025e+00 -2.263360000000000039e+00 -3.474559999999999871e-01 -1.385280000000000067e+00 -1.525220000000000020e+00 -1.640870000000000051e+00 -1.551099999999999923e+00 -1.102810000000000068e+00 -1.597220000000000084e+00 -1.101269999999999971e+00 -1.074810000000000043e+00 -1.215670000000000028e+00
2.000000000000000000e+04 -1.219929999999999959e+00 -1.471179999999999932e+00 -1.826259999999999994e+00 -2.115610000000000213e+00 -2.403340000000000032e+00 -4.379669999999999952e-01 -1.491610000000000102e+00 -1.645950000000000024e+00 -1.778140000000000054e+00 -1.679510000000000058e+00 -1.134929999999999994e+00 -1.548410000000000064e+00 -1.131750000000000034e+00 -1.123429999999999929e+00 -1.224189999999999889e+00
2.100000000000000000e+04 -1.309490000000000043e+00 -1.579560000000000075e+00 -1.948919999999999986e+00 -2.245509999999999895e+00 -2.537749999999999950e+00 -5.283210000000000406e-01 -1.596070000000000100e+00 -1.763269999999999893e+00 -1.910269999999999913e+00 -1.803690000000000015e+00 -1.172900000000000054e+00 -1.513810000000000100e+00 -1.168339999999999934e+00 -1.176239999999999952e+00 -1.241170000000000107e+00
2.200000000000000000e+04 -1.398570000000000091e+00 -1.685519999999999907e+00 -2.067709999999999937e+00 -2.370820000000000149e+00 -2.667030000000000012e+00 -6.181050000000000155e-01 -1.698509999999999964e+00 -1.877269999999999994e+00 -2.037570000000000103e+00 -1.923850000000000060e+00 -1.215459999999999985e+00 -1.491020000000000012e+00 -1.209750000000000103e+00 -1.232010000000000050e+00 -1.264739999999999975e+00
2.300000000000000000e+04 -1.486850000000000005e+00 -1.789020000000000055e+00 -2.182799999999999851e+00 -2.491789999999999949e+00 -2.791669999999999874e+00 -7.070210000000000106e-01 -1.798839999999999995e+00 -1.988029999999999964e+00 -2.160369999999999902e+00 -2.040179999999999882e+00 -1.261640000000000095e+00 -1.478069999999999995e+00 -1.254950000000000010e+00 -1.290030000000000010e+00 -1.293350000000000000e+00
2.400000000000000000e+04 -1.574109999999999898e+00 -1.890060000000000073e+00 -2.294369999999999798e+00 -2.608699999999999797e+00 -2.911999999999999922e+00 -7.948560000000000070e-01 -1.897010000000000085e+00 -2.095670000000000144e+00 -2.278919999999999835e+00 -2.152859999999999996e+00 -1.310619999999999896e+00 -1.473379999999999912e+00 -1.303099999999999925e+00 -1.349599999999999911e+00 -1.326270000000000060e+00
2.500000000000000000e+04 -1.660190000000000055e+00 -1.988669999999999938e+00 -2.402569999999999872e+00 -2.721789999999999932e+00 -3.028480000000000061e+00 -8.814589999999999925e-01 -1.993020000000000014e+00 -2.200289999999999857e+00 -2.393510000000000026e+00 -2.262080000000000091e+00 -1.361790000000000056e+00 -1.475610000000000088e+00 -1.353550000000000031e+00 -1.410239999999999938e+00 -1.362710000000000088e+00
2.600000000000000000e+04 -1.744990000000000041e+00 -2.084909999999999819e+00 -2.507579999999999920e+00 -2.831259999999999888e+00 -3.141080000000000094e+00 -9.667270000000000030e-01 -2.086869999999999781e+00 -2.302029999999999799e+00 -2.504360000000000142e+00 -2.368020000000000014e+00 -1.414619999999999989e+00 -1.483689999999999953e+00 -1.405769999999999964e+00 -1.471600000000000019e+00 -1.401999999999999913e+00
2.700000000000000000e+04 -1.828419999999999934e+00 -2.178830000000000044e+00 -2.609560000000000102e+00 -2.937339999999999840e+00 -3.250220000000000109e+00 -1.050589999999999913e+00 -2.178609999999999935e+00 -2.400999999999999801e+00 -2.611709999999999976e+00 -2.470839999999999925e+00 -1.468699999999999894e+00 -1.496720000000000050e+00 -1.459310000000000107e+00 -1.533390000000000031e+00 -1.443589999999999929e+00
2.800000000000000000e+04 -1.910439999999999916e+00 -2.270500000000000185e+00 -2.708660000000000068e+00 -3.040200000000000014e+00 -3.355879999999999974e+00 -1.133010000000000073e+00 -2.268269999999999786e+00 -2.497310000000000141e+00 -2.715749999999999886e+00 -2.570710000000000051e+00 -1.523679999999999923e+00 -1.513929999999999998e+00 -1.513819999999999943e+00 -1.595380000000000020e+00 -1.487030000000000074e+00
2.900000000000000000e+04 -1.991030000000000078e+00 -2.359989999999999810e+00 -2.805009999999999781e+00 -3.140039999999999942e+00 -3.458299999999999930e+00 -1.213959999999999928e+00 -2.355900000000000105e+00 -2.591089999999999893e+00 -2.816669999999999785e+00 -2.667780000000000040e+00 -1.579290000000000083e+00 -1.534690000000000110e+00 -1.569020000000000081e+00 -1.657350000000000101e+00 -1.531949999999999923e+00
3.000000000000000000e+04 -2.070180000000000131e+00 -2.447360000000000202e+00 -2.898750000000000160e+00 -3.237010000000000165e+00 -3.557669999999999888e+00 -1.293439999999999923e+00 -2.441549999999999887e+00 -2.682449999999999779e+00 -2.914639999999999898e+00 -2.762179999999999858e+00 -1.635299999999999976e+00 -1.558459999999999956e+00 -1.624670000000000059e+00 -1.719149999999999956e+00 -1.578040000000000109e+00
3.100000000000000000e+04 -2.147879999999999789e+00 -2.532700000000000173e+00 -2.990000000000000213e+00 -3.331269999999999953e+00 -3.654170000000000140e+00 -1.371459999999999901e+00 -2.525300000000000100e+00 -2.771490000000000009e+00 -3.009840000000000071e+00 -2.854039999999999910e+00 -1.691519999999999913e+00 -1.584789999999999921e+00 -1.680579999999999963e+00 -1.780690000000000106e+00 -1.625029999999999974e+00
3.200000000000000000e+04 -2.224159999999999915e+00 -2.616080000000000183e+00 -3.078879999999999839e+00 -3.422959999999999781e+00 -3.747930000000000206e+00 -1.448020000000000085e+00 -2.607190000000000119e+00 -2.858309999999999906e+00 -3.102390000000000203e+00 -2.943490000000000162e+00 -1.747800000000000020e+00 -1.613280000000000047e+00 -1.736580000000000013e+00 -1.841900000000000093e+00 -1.672700000000000076e+00
3.300000000000000000e+04 -2.299020000000000064e+00 -2.697560000000000180e+00 -3.165500000000000203e+00 -3.512199999999999989e+00 -3.839100000000000179e+00 -1.523160000000000069e+00 -2.687289999999999957e+00 -2.943010000000000126e+00 -3.192450000000000010e+00 -3.030650000000000066e+00 -1.804009999999999891e+00 -1.643620000000000081e+00 -1.792540000000000022e+00 -1.902700000000000058e+00 -1.720879999999999965e+00
3.400000000000000000e+04 -2.372500000000000053e+00 -2.777219999999999800e+00 -3.249979999999999869e+00 -3.599120000000000097e+00 -3.927820000000000089e+00 -1.596889999999999921e+00 -2.765670000000000073e+00 -3.025679999999999925e+00 -3.280139999999999834e+00 -3.115619999999999834e+00 -1.860060000000000047e+00 -1.675499999999999989e+00 -1.848360000000000003e+00 -1.962970000000000104e+00 -1.769400000000000084e+00
3.500000000000000000e+04 -2.444620000000000015e+00 -2.855129999999999946e+00 -3.332390000000000185e+00 -3.683840000000000003e+00 -4.014230000000000409e+00 -1.669240000000000057e+00 -2.842360000000000220e+00 -3.106409999999999894e+00 -3.365580000000000016e+00 -3.198510000000000186e+00 -1.915850000000000053e+00 -1.708700000000000108e+00 -1.903960000000000097e+00 -2.022660000000000124e+00 -1.818130000000000024e+00
3.600000000000000000e+04 -2.515410000000000146e+00 -2.931350000000000122e+00 -3.412850000000000161e+00 -3.766459999999999919e+00 -4.098429999999999573e+00 -1.740240000000000009e+00 -2.917450000000000099e+00 -3.185280000000000111e+00 -3.448879999999999946e+00 -3.279399999999999871e+00 -1.971309999999999896e+00 -1.743000000000000105e+00 -1.959249999999999936e+00 -2.081729999999999858e+00 -1.866970000000000018e+00
3.700000000000000000e+04 -2.584900000000000198e+00 -3.005939999999999834e+00 -3.491429999999999811e+00 -3.847080000000000055e+00 -4.180539999999999701e+00 -1.809940000000000104e+00 -2.990969999999999906e+00 -3.262370000000000214e+00 -3.530130000000000212e+00 -3.358389999999999986e+00 -2.026400000000000201e+00 -1.778210000000000068e+00 -2.014170000000000016e+00 -2.140159999999999840e+00 -1.915820000000000078e+00
3.800000000000000000e+04 -2.653119999999999923e+00 -3.078969999999999985e+00 -3.568220000000000169e+00 -3.925790000000000113e+00 -4.260659999999999670e+00 -1.878349999999999964e+00 -3.063000000000000167e+00 -3.337750000000000217e+00 -3.609440000000000204e+00 -3.435569999999999791e+00 -2.081059999999999910e+00 -1.814189999999999969e+00 -2.068690000000000140e+00 -2.197950000000000070e+00 -1.964609999999999967e+00
3.900000000000000000e+04 -2.720099999999999962e+00 -3.150490000000000013e+00 -3.643289999999999917e+00 -4.002679999999999794e+00 -4.338879999999999626e+00 -1.945519999999999916e+00 -3.133570000000000189e+00 -3.411490000000000133e+00 -3.686900000000000066e+00 -3.511010000000000186e+00 -2.135260000000000158e+00 -1.850789999999999935e+00 -2.122759999999999980e+00 -2.255100000000000104e+00 -2.013269999999999893e+00
4.000000000000000000e+04 -2.785890000000000200e+00 -3.220559999999999867e+00 -3.716709999999999958e+00 -4.077820000000000000e+00 -4.415289999999999715e+00 -2.011480000000000157e+00 -3.202739999999999920e+00 -3.483649999999999913e+00 -3.762579999999999814e+00 -3.584779999999999855e+00 -2.188959999999999795e+00 -1.887909999999999977e+00 -2.176340000000000163e+00 -2.311589999999999812e+00 -2.061739999999999906e+00
4.100000000000000000e+04 -2.850509999999999877e+00 -3.289229999999999876e+00 -3.788559999999999928e+00 -4.151299999999999990e+00 -4.489980000000000082e+00 -2.076249999999999929e+00 -3.270560000000000134e+00 -3.554310000000000080e+00 -3.836570000000000036e+00 -3.656960000000000210e+00 -2.242150000000000087e+00 -1.925419999999999909e+00 -2.229429999999999801e+00 -2.367440000000000211e+00 -2.109970000000000123e+00
4.200000000000000000e+04 -2.913990000000000080e+00 -3.356549999999999923e+00 -3.858900000000000219e+00 -4.223180000000000156e+00 -4.563010000000000232e+00 -2.139889999999999848e+00 -3.337079999999999824e+00 -3.623520000000000074e+00 -3.908929999999999794e+00 -3.727609999999999868e+00 -2.294810000000000016e+00 -1.963260000000000005e+00 -2.281979999999999897e+00 -2.422600000000000087e+00 -2.157939999999999969e+00
4.300000000000000000e+04 -2.976360000000000117e+00 -3.422569999999999890e+00 -3.927779999999999827e+00 -4.293540000000000134e+00 -4.634470000000000312e+00 -2.202409999999999979e+00 -3.402330000000000076e+00 -3.691329999999999778e+00 -3.979750000000000121e+00 -3.796790000000000109e+00 -2.346909999999999830e+00 -2.001329999999999831e+00 -2.334010000000000140e+00 -2.477069999999999883e+00 -2.205600000000000005e+00
4.400000000000000000e+04 -3.037669999999999870e+00 -3.487330000000000041e+00 -3.995270000000000099e+00 -4.362420000000000186e+00 -4.704399999999999693e+00 -2.263850000000000140e+00 -3.466369999999999951e+00 -3.757789999999999964e+00 -4.049070000000000391e+00 -3.864559999999999995e+00 -2.398470000000000102e+00 -2.039569999999999883e+00 -2.385479999999999823e+00 -2.530870000000000175e+00 -2.252920000000000034e+00
4.500000000000000000e+04 -3.097929999999999851e+00 -3.550889999999999880e+00 -4.061420000000000030e+00 -4.429899999999999949e+00 -4.772859999999999658e+00 -2.324240000000000084e+00 -3.529230000000000089e+00 -3.822970000000000201e+00 -4.116970000000000240e+00 -3.930969999999999853e+00 -2.449460000000000193e+00 -2.077920000000000211e+00 -2.436399999999999899e+00 -2.583990000000000009e+00 -2.299889999999999990e+00
4.600000000000000000e+04 -3.157179999999999875e+00 -3.613269999999999982e+00 -4.126269999999999882e+00 -4.496030000000000193e+00 -4.839920000000000222e+00 -2.383620000000000072e+00 -3.590959999999999930e+00 -3.886899999999999800e+00 -4.183489999999999931e+00 -3.996090000000000142e+00 -2.499880000000000102e+00 -2.116330000000000044e+00 -2.486759999999999859e+00 -2.636420000000000208e+00 -2.346490000000000187e+00
4.700000000000000000e+04 -3.215440000000000076e+00 -3.674519999999999786e+00 -4.189890000000000114e+00 -4.560859999999999914e+00 -4.905640000000000001e+00 -2.442000000000000171e+00 -3.651590000000000114e+00 -3.949629999999999974e+00 -4.248700000000000365e+00 -4.059940000000000104e+00 -2.549739999999999895e+00 -2.154760000000000009e+00 -2.536550000000000082e+00 -2.688159999999999883e+00 -2.392700000000000049e+00
4.800000000000000000e+04 -3.272759999999999891e+00 -3.734690000000000065e+00 -4.252299999999999969e+00 -4.624430000000000263e+00 -4.970060000000000144e+00 -2.499429999999999819e+00 -3.711149999999999949e+00 -4.011199999999999655e+00 -4.312640000000000029e+00 -4.122589999999999755e+00 -2.599029999999999951e+00 -2.193150000000000155e+00 -2.585780000000000189e+00 -2.739240000000000119e+00 -2.438509999999999955e+00
4.900000000000000000e+04 -3.329140000000000210e+00 -3.793800000000000061e+00 -4.313570000000000348e+00 -4.686799999999999855e+00 -5.033240000000000158e+00 -2.555919999999999970e+00 -3.769690000000000207e+00 -4.071649999999999991e+00 -4.375359999999999694e+00 -4.184079999999999799e+00 -2.647749999999999826e+00 -2.231489999999999974e+00 -2.634450000000000180e+00 -2.789660000000000029e+00 -2.483919999999999906e+00
5.000000000000000000e+04 -3.384619999999999962e+00 -3.851890000000000036e+00 -4.373719999999999608e+00 -4.748020000000000351e+00 -5.095229999999999926e+00 -2.611509999999999998e+00 -3.827230000000000132e+00 -4.131029999999999980e+00 -4.436910000000000132e+00 -4.244449999999999612e+00 -2.695910000000000029e+00 -2.269730000000000025e+00 -2.682570000000000121e+00 -2.839430000000000121e+00 -2.528900000000000148e+00
5.100000000000000000e+04 -3.439229999999999787e+00 -3.908990000000000187e+00 -4.432789999999999786e+00 -4.808110000000000106e+00 -5.156069999999999709e+00 -2.666209999999999969e+00 -3.883809999999999985e+00 -4.189370000000000260e+00 -4.497320000000000206e+00 -4.303729999999999833e+00 -2.743510000000000115e+00 -2.307859999999999800e+00 -2.730119999999999880e+00 -2.888560000000000016e+00 -2.573469999999999924e+00
5.200000000000000000e+04 -3.492989999999999817e+00 -3.965129999999999821e+00 -4.490840000000000387e+00 -4.867130000000000400e+00 -5.215810000000000279e+00 -2.720060000000000144e+00 -3.939449999999999896e+00 -4.246699999999999697e+00 -4.556650000000000311e+00 -4.361959999999999837e+00 -2.790560000000000151e+00 -2.345849999999999991e+00 -2.777130000000000098e+00 -2.937040000000000095e+00 -2.617609999999999992e+00
5.300000000000000000e+04 -3.545920000000000183e+00 -4.020349999999999646e+00 -4.547869999999999635e+00 -4.925110000000000099e+00 -5.274469999999999992e+00 -2.773080000000000211e+00 -3.994190000000000129e+00 -4.303049999999999820e+00 -4.614919999999999689e+00 -4.419190000000000396e+00 -2.837050000000000072e+00 -2.383669999999999956e+00 -2.823589999999999822e+00 -2.984910000000000174e+00 -2.661319999999999908e+00
5.400000000000000000e+04 -3.598040000000000127e+00 -4.074679999999999858e+00 -4.603939999999999699e+00 -4.982079999999999842e+00 -5.332099999999999618e+00 -2.825289999999999857e+00 -4.048060000000000436e+00 -4.358469999999999622e+00 -4.672170000000000378e+00 -4.475439999999999863e+00 -2.883010000000000073e+00 -2.421320000000000139e+00 -2.869510000000000005e+00 -3.032179999999999875e+00 -2.704610000000000181e+00
5.500000000000000000e+04 -3.649379999999999846e+00 -4.128129999999999633e+00 -4.659080000000000332e+00 -5.038079999999999892e+00 -5.388740000000000308e+00 -2.876720000000000166e+00 -4.101069999999999993e+00 -4.412969999999999615e+00 -4.728449999999999598e+00 -4.530750000000000277e+00 -2.928430000000000089e+00 -2.458779999999999966e+00 -2.914899999999999824e+00 -3.078840000000000021e+00 -2.747459999999999791e+00
5.600000000000000000e+04 -3.699969999999999981e+00 -4.180749999999999744e+00 -4.713309999999999889e+00 -5.093140000000000001e+00 -5.444420000000000037e+00 -2.927379999999999871e+00 -4.153249999999999886e+00 -4.466599999999999682e+00 -4.783769999999999634e+00 -4.585139999999999993e+00 -2.973320000000000185e+00 -2.496030000000000193e+00 -2.959760000000000169e+00 -3.124909999999999854e+00 -2.789890000000000203e+00
5.700000000000000000e+04 -3.749810000000000088e+00 -4.232540000000000191e+00 -4.766659999999999897e+00 -5.147289999999999921e+00 -5.499159999999999826e+00 -2.977300000000000058e+00 -4.204640000000000377e+00 -4.519359999999999822e+00 -4.838180000000000369e+00 -4.638659999999999783e+00 -3.017689999999999984e+00 -2.533059999999999867e+00 -3.004100000000000215e+00 -3.170420000000000016e+00 -2.831900000000000084e+00
5.800000000000000000e+04 -3.798929999999999918e+00 -4.283549999999999969e+00 -4.819160000000000110e+00 -5.200569999999999915e+00 -5.553009999999999557e+00 -3.026499999999999968e+00 -4.255250000000000199e+00 -4.571299999999999919e+00 -4.891689999999999650e+00 -4.691309999999999647e+00 -3.061549999999999994e+00 -2.569859999999999811e+00 -3.047940000000000094e+00 -3.215370000000000061e+00 -2.873479999999999812e+00
5.900000000000000000e+04 -3.847360000000000113e+00 -4.333779999999999966e+00 -4.870840000000000281e+00 -5.252989999999999604e+00 -5.605990000000000251e+00 -3.074990000000000112e+00 -4.305100000000000371e+00 -4.622440000000000104e+00 -4.944350000000000023e+00 -4.743140000000000356e+00 -3.104900000000000215e+00 -2.606430000000000025e+00 -3.091270000000000184e+00 -3.259759999999999991e+00 -2.914649999999999963e+00
6.000000000000000000e+04 -3.895099999999999785e+00 -4.383270000000000444e+00 -4.921719999999999651e+00 -5.304590000000000138e+00 -5.658129999999999882e+00 -3.122799999999999798e+00 -4.354219999999999757e+00 -4.672789999999999999e+00 -4.996179999999999843e+00 -4.794159999999999755e+00 -3.147759999999999891e+00 -2.642759999999999998e+00 -3.134100000000000108e+00 -3.303620000000000001e+00 -2.955389999999999961e+00
6.100000000000000000e+04 -3.942180000000000017e+00 -4.432030000000000136e+00 -4.971820000000000128e+00 -5.355389999999999873e+00 -5.709439999999999849e+00 -3.169950000000000045e+00 -4.402630000000000265e+00 -4.722389999999999866e+00 -5.047200000000000131e+00 -4.844409999999999883e+00 -3.190129999999999910e+00 -2.678840000000000110e+00 -3.176449999999999996e+00 -3.346960000000000157e+00 -2.995730000000000004e+00
6.200000000000000000e+04 -3.988599999999999923e+00 -4.480089999999999684e+00 -5.021169999999999689e+00 -5.405409999999999826e+00 -5.759970000000000034e+00 -3.216439999999999966e+00 -4.450339999999999741e+00 -4.771259999999999835e+00 -5.097430000000000128e+00 -4.893889999999999851e+00 -3.232009999999999827e+00 -2.714669999999999916e+00 -3.218309999999999782e+00 -3.389769999999999950e+00 -3.035649999999999959e+00
6.300000000000000000e+04 -4.034399999999999764e+00 -4.527449999999999974e+00 -5.069799999999999862e+00 -5.454679999999999751e+00 -5.809730000000000061e+00 -3.262300000000000200e+00 -4.497379999999999711e+00 -4.819410000000000416e+00 -5.146910000000000096e+00 -4.942650000000000432e+00 -3.273429999999999840e+00 -2.750249999999999861e+00 -3.259710000000000107e+00 -3.432080000000000020e+00 -3.075169999999999959e+00
6.400000000000000000e+04 -4.079589999999999606e+00 -4.574160000000000004e+00 -5.117709999999999759e+00 -5.503230000000000288e+00 -5.858740000000000059e+00 -3.307539999999999925e+00 -4.543759999999999799e+00 -4.866869999999999585e+00 -5.195649999999999658e+00 -4.990689999999999849e+00 -3.314369999999999816e+00 -2.785559999999999814e+00 -3.300640000000000018e+00 -3.473889999999999922e+00 -3.114300000000000068e+00
6.500000000000000000e+04 -4.124179999999999957e+00 -4.620210000000000150e+00 -5.164939999999999642e+00 -5.551059999999999661e+00 -5.907020000000000159e+00 -3.352189999999999781e+00 -4.589509999999999756e+00 -4.913660000000000139e+00 -5.243680000000000341e+00 -5.038030000000000008e+00 -3.354870000000000019e+00 -2.820609999999999840e+00 -3.341120000000000090e+00 -3.515219999999999789e+00 -3.153020000000000156e+00
6.600000000000000000e+04 -4.168180000000000440e+00 -4.665630000000000166e+00 -5.211500000000000021e+00 -5.598209999999999908e+00 -5.954609999999999737e+00 -3.396250000000000213e+00 -4.634629999999999583e+00 -4.959789999999999921e+00 -5.291009999999999991e+00 -5.084710000000000285e+00 -3.394909999999999872e+00 -2.855399999999999938e+00 -3.381149999999999878e+00 -3.556070000000000064e+00 -3.191359999999999975e+00
6.700000000000000000e+04 -4.211610000000000298e+00 -4.710440000000000182e+00 -5.257399999999999629e+00 -5.644680000000000142e+00 -6.001509999999999678e+00 -3.439729999999999954e+00 -4.679149999999999920e+00 -5.005279999999999951e+00 -5.337659999999999627e+00 -5.130729999999999791e+00 -3.434509999999999952e+00 -2.889930000000000110e+00 -3.420739999999999892e+00 -3.596449999999999925e+00 -3.229319999999999968e+00
6.800000000000000000e+04 -4.254489999999999661e+00 -4.754649999999999821e+00 -5.302679999999999616e+00 -5.690509999999999735e+00 -6.047749999999999737e+00 -3.482670000000000154e+00 -4.723080000000000389e+00 -5.050159999999999982e+00 -5.383659999999999890e+00 -5.176110000000000433e+00 -3.473689999999999944e+00 -2.924189999999999845e+00 -3.459900000000000198e+00 -3.636379999999999946e+00 -3.266890000000000072e+00
6.900000000000000000e+04 -4.296829999999999927e+00 -4.798280000000000101e+00 -5.347339999999999982e+00 -5.735699999999999577e+00 -6.093340000000000423e+00 -3.525049999999999795e+00 -4.766429999999999723e+00 -5.094430000000000014e+00 -5.429030000000000022e+00 -5.220880000000000187e+00 -3.512430000000000163e+00 -2.958190000000000097e+00 -3.498629999999999907e+00 -3.675860000000000127e+00 -3.304089999999999971e+00
7.000000000000000000e+04 -4.338639999999999830e+00 -4.841330000000000133e+00 -5.391399999999999970e+00 -5.780280000000000307e+00 -6.138309999999999711e+00 -3.566910000000000025e+00 -4.809219999999999828e+00 -5.138110000000000177e+00 -5.473770000000000024e+00 -5.265039999999999942e+00 -3.550759999999999916e+00 -2.991919999999999913e+00 -3.536950000000000038e+00 -3.714890000000000025e+00 -3.340930000000000177e+00
7.100000000000000000e+04 -4.379929999999999879e+00 -4.883840000000000181e+00 -5.434870000000000090e+00 -5.824259999999999771e+00 -6.182669999999999888e+00 -3.608249999999999957e+00 -4.851469999999999949e+00 -5.181219999999999715e+00 -5.517909999999999648e+00 -5.308620000000000339e+00 -3.588680000000000092e+00 -3.025380000000000180e+00 -3.574860000000000149e+00 -3.753499999999999837e+00 -3.377390000000000114e+00
7.200000000000000000e+04 -4.420720000000000205e+00 -4.925799999999999734e+00 -5.477780000000000094e+00 -5.867659999999999876e+00 -6.226429999999999687e+00 -3.649080000000000101e+00 -4.893189999999999706e+00 -5.223770000000000024e+00 -5.561460000000000292e+00 -5.351619999999999600e+00 -3.626199999999999868e+00 -3.058580000000000076e+00 -3.612369999999999859e+00 -3.791679999999999939e+00 -3.413499999999999979e+00
7.300000000000000000e+04 -4.461009999999999920e+00 -4.967240000000000322e+00 -5.520129999999999981e+00 -5.910490000000000244e+00 -6.269610000000000127e+00 -3.689420000000000144e+00 -4.934379999999999988e+00 -5.265780000000000349e+00 -5.604440000000000310e+00 -5.394070000000000142e+00 -3.663320000000000132e+00 -3.091520000000000046e+00 -3.649480000000000057e+00 -3.829439999999999955e+00 -3.449260000000000215e+00
7.400000000000000000e+04 -4.500829999999999664e+00 -5.008160000000000167e+00 -5.561939999999999884e+00 -5.952759999999999607e+00 -6.312229999999999563e+00 -3.729280000000000150e+00 -4.975069999999999659e+00 -5.307260000000000311e+00 -5.646860000000000213e+00 -5.435979999999999812e+00 -3.700050000000000061e+00 -3.124200000000000088e+00 -3.686209999999999987e+00 -3.866789999999999949e+00 -3.484669999999999934e+00
7.500000000000000000e+04 -4.540169999999999817e+00 -5.048580000000000290e+00 -5.603229999999999933e+00 -5.994500000000000384e+00 -6.354300000000000281e+00 -3.768660000000000121e+00 -5.015270000000000117e+00 -5.348220000000000418e+00 -5.688740000000000130e+00 -5.477350000000000385e+00 -3.736400000000000166e+00 -3.156620000000000203e+00 -3.722550000000000026e+00 -3.903750000000000053e+00 -3.519740000000000091e+00
7.600000000000000000e+04 -4.579060000000000130e+00 -5.088510000000000311e+00 -5.644000000000000128e+00 -6.035709999999999908e+00 -6.395839999999999748e+00 -3.807589999999999808e+00 -5.054979999999999585e+00 -5.388670000000000293e+00 -5.730089999999999684e+00 -5.518209999999999837e+00 -3.772380000000000067e+00 -3.188779999999999948e+00 -3.758519999999999861e+00 -3.940319999999999823e+00 -3.554469999999999796e+00
7.700000000000000000e+04 -4.617490000000000094e+00 -5.127970000000000361e+00 -5.684280000000000221e+00 -6.076399999999999579e+00 -6.436849999999999739e+00 -3.846070000000000100e+00 -5.094219999999999970e+00 -5.428639999999999688e+00 -5.770920000000000272e+00 -5.558569999999999567e+00 -3.807990000000000208e+00 -3.220680000000000209e+00 -3.794130000000000003e+00 -3.976490000000000080e+00 -3.588870000000000005e+00
7.800000000000000000e+04 -4.655490000000000350e+00 -5.166949999999999932e+00 -5.724059999999999704e+00 -6.116600000000000037e+00 -6.477360000000000007e+00 -3.884100000000000108e+00 -5.132990000000000386e+00 -5.468119999999999870e+00 -5.811250000000000249e+00 -5.598429999999999573e+00 -3.843240000000000212e+00 -3.252330000000000165e+00 -3.829369999999999941e+00 -4.012299999999999756e+00 -3.622939999999999827e+00
7.900000000000000000e+04 -4.693060000000000009e+00 -5.205479999999999663e+00 -5.763359999999999594e+00 -6.156310000000000393e+00 -6.517369999999999663e+00 -3.921710000000000029e+00 -5.171319999999999695e+00 -5.507139999999999702e+00 -5.851079999999999615e+00 -5.637819999999999609e+00 -3.878140000000000143e+00 -3.283729999999999816e+00 -3.864259999999999806e+00 -4.047729999999999606e+00 -3.656699999999999839e+00
8.000000000000000000e+04 -4.730199999999999960e+00 -5.243570000000000064e+00 -5.802200000000000024e+00 -6.195540000000000269e+00 -6.556899999999999729e+00 -3.958889999999999798e+00 -5.209209999999999674e+00 -5.545689999999999564e+00 -5.890439999999999898e+00 -5.676739999999999675e+00 -3.912690000000000001e+00 -3.314869999999999983e+00 -3.898800000000000043e+00 -4.082810000000000272e+00 -3.690129999999999910e+00
8.100000000000000000e+04 -4.766939999999999955e+00 -5.281220000000000248e+00 -5.840589999999999726e+00 -6.234309999999999796e+00 -6.595950000000000202e+00 -3.995659999999999989e+00 -5.246669999999999945e+00 -5.583800000000000097e+00 -5.929330000000000211e+00 -5.715200000000000280e+00 -3.946889999999999787e+00 -3.345769999999999911e+00 -3.933009999999999895e+00 -4.117519999999999847e+00 -3.723250000000000171e+00
8.200000000000000000e+04 -4.803279999999999994e+00 -5.318439999999999834e+00 -5.878529999999999589e+00 -6.272619999999999862e+00 -6.634540000000000326e+00 -4.032029999999999781e+00 -5.283699999999999619e+00 -5.621470000000000411e+00 -5.967760000000000176e+00 -5.753210000000000157e+00 -3.980770000000000142e+00 -3.376419999999999977e+00 -3.966870000000000118e+00 -4.151889999999999858e+00 -3.756069999999999798e+00
8.300000000000000000e+04 -4.839220000000000077e+00 -5.355249999999999844e+00 -5.916039999999999743e+00 -6.310489999999999711e+00 -6.672679999999999723e+00 -4.068010000000000126e+00 -5.320330000000000226e+00 -5.658710000000000129e+00 -6.005740000000000300e+00 -5.790790000000000326e+00 -4.014310000000000045e+00 -3.406829999999999803e+00 -4.000409999999999577e+00 -4.185920000000000307e+00 -3.788580000000000059e+00
8.400000000000000000e+04 -4.874769999999999825e+00 -5.391650000000000276e+00 -5.953120000000000189e+00 -6.347929999999999851e+00 -6.710379999999999789e+00 -4.103600000000000136e+00 -5.356550000000000367e+00 -5.695540000000000269e+00 -6.043289999999999829e+00 -5.827939999999999898e+00 -4.047519999999999563e+00 -3.436990000000000212e+00 -4.033619999999999983e+00 -4.219599999999999795e+00 -3.820800000000000196e+00
8.500000000000000000e+04 -4.909950000000000259e+00 -5.427649999999999864e+00 -5.989779999999999660e+00 -6.384940000000000282e+00 -6.747650000000000148e+00 -4.138799999999999812e+00 -5.392380000000000173e+00 -5.731950000000000323e+00 -6.080409999999999648e+00 -5.864679999999999893e+00 -4.080420000000000158e+00 -3.466920000000000002e+00 -4.066519999999999690e+00 -4.252959999999999852e+00 -3.852720000000000145e+00
8.600000000000000000e+04 -4.944759999999999600e+00 -5.463260000000000005e+00 -6.026040000000000063e+00 -6.421529999999999738e+00 -6.784489999999999910e+00 -4.173639999999999795e+00 -5.427819999999999645e+00 -5.767970000000000041e+00 -6.117110000000000269e+00 -5.900999999999999801e+00 -4.113010000000000055e+00 -3.496609999999999996e+00 -4.099099999999999966e+00 -4.285989999999999966e+00 -3.884360000000000035e+00
8.700000000000000000e+04 -4.979199999999999626e+00 -5.498490000000000322e+00 -6.061899999999999622e+00 -6.457720000000000127e+00 -6.820929999999999715e+00 -4.208120000000000083e+00 -5.462880000000000180e+00 -5.803589999999999804e+00 -6.153410000000000046e+00 -5.936930000000000263e+00 -4.145290000000000141e+00 -3.526069999999999816e+00 -4.131380000000000052e+00 -4.318710000000000271e+00 -3.915709999999999802e+00
8.800000000000000000e+04 -5.013300000000000090e+00 -5.533350000000000435e+00 -6.097380000000000244e+00 -6.493520000000000181e+00 -6.856959999999999944e+00 -4.242239999999999789e+00 -5.497580000000000133e+00 -5.838840000000000252e+00 -6.189300000000000246e+00 -5.972470000000000390e+00 -4.177270000000000039e+00 -3.555299999999999905e+00 -4.163350000000000328e+00 -4.351110000000000255e+00 -3.946790000000000020e+00
8.900000000000000000e+04 -5.047039999999999971e+00 -5.567840000000000344e+00 -6.132469999999999644e+00 -6.528929999999999900e+00 -6.892599999999999838e+00 -4.276010000000000311e+00 -5.531909999999999883e+00 -5.873700000000000365e+00 -6.224809999999999732e+00 -6.007620000000000182e+00 -4.208949999999999747e+00 -3.584299999999999820e+00 -4.195030000000000037e+00 -4.383200000000000429e+00 -3.977590000000000181e+00
9.000000000000000000e+04 -5.080440000000000289e+00 -5.601969999999999672e+00 -6.167189999999999728e+00 -6.563950000000000173e+00 -6.927850000000000286e+00 -4.309450000000000003e+00 -5.565889999999999560e+00 -5.908199999999999896e+00 -6.259929999999999772e+00 -6.042399999999999771e+00 -4.240339999999999776e+00 -3.613070000000000004e+00 -4.226409999999999556e+00 -4.415000000000000036e+00 -4.008119999999999905e+00
9.100000000000000000e+04 -5.113509999999999778e+00 -5.635749999999999815e+00 -6.201550000000000118e+00 -6.598609999999999864e+00 -6.962729999999999642e+00 -4.342539999999999623e+00 -5.599520000000000053e+00 -5.942339999999999733e+00 -6.294690000000000119e+00 -6.076819999999999666e+00 -4.271440000000000126e+00 -3.641630000000000145e+00 -4.257509999999999906e+00 -4.446489999999999831e+00 -4.038380000000000081e+00
9.200000000000000000e+04 -5.146250000000000213e+00 -5.669179999999999886e+00 -6.235540000000000305e+00 -6.632900000000000240e+00 -6.997230000000000061e+00 -4.375309999999999810e+00 -5.632799999999999585e+00 -5.976130000000000386e+00 -6.329069999999999752e+00 -6.110879999999999868e+00 -4.302260000000000417e+00 -3.669960000000000111e+00 -4.288330000000000197e+00 -4.477689999999999948e+00 -4.068380000000000329e+00
9.300000000000000000e+04 -5.178670000000000329e+00 -5.702280000000000015e+00 -6.269190000000000040e+00 -6.666839999999999655e+00 -7.031380000000000408e+00 -4.407750000000000057e+00 -5.665759999999999685e+00 -6.009570000000000078e+00 -6.363100000000000200e+00 -6.144580000000000375e+00 -4.332799999999999763e+00 -3.698069999999999968e+00 -4.318870000000000431e+00 -4.508610000000000007e+00 -4.098130000000000273e+00
9.400000000000000000e+04 -5.210779999999999745e+00 -5.735050000000000203e+00 -6.302500000000000213e+00 -6.700420000000000265e+00 -7.065170000000000172e+00 -4.439879999999999605e+00 -5.698389999999999844e+00 -6.042670000000000208e+00 -6.396770000000000067e+00 -6.177940000000000431e+00 -4.363069999999999560e+00 -3.725960000000000161e+00 -4.349140000000000228e+00 -4.539250000000000007e+00 -4.127609999999999779e+00
9.500000000000000000e+04 -5.242569999999999730e+00 -5.767500000000000071e+00 -6.335469999999999935e+00 -6.733670000000000044e+00 -7.098620000000000374e+00 -4.471700000000000230e+00 -5.730699999999999683e+00 -6.075450000000000017e+00 -6.430100000000000371e+00 -6.210969999999999658e+00 -4.393080000000000318e+00 -3.753649999999999931e+00 -4.379139999999999588e+00 -4.569609999999999950e+00 -4.156850000000000378e+00
9.600000000000000000e+04 -5.274060000000000414e+00 -5.799619999999999997e+00 -6.368109999999999715e+00 -6.766580000000000261e+00 -7.131730000000000125e+00 -4.503219999999999779e+00 -5.762690000000000090e+00 -6.107890000000000263e+00 -6.463099999999999845e+00 -6.243660000000000210e+00 -4.422819999999999752e+00 -3.781120000000000037e+00 -4.408879999999999910e+00 -4.599689999999999834e+00 -4.185850000000000293e+00
9.700000000000000000e+04 -5.305259999999999643e+00 -5.831439999999999735e+00 -6.400430000000000064e+00 -6.799159999999999648e+00 -7.164500000000000313e+00 -4.534440000000000026e+00 -5.794369999999999798e+00 -6.140019999999999811e+00 -6.495759999999999756e+00 -6.276030000000000442e+00 -4.452300000000000146e+00 -3.808390000000000164e+00 -4.438360000000000305e+00 -4.629520000000000302e+00 -4.214599999999999902e+00
9.800000000000000000e+04 -5.336159999999999570e+00 -5.862949999999999662e+00 -6.432430000000000092e+00 -6.831419999999999604e+00 -7.196950000000000180e+00 -4.565360000000000085e+00 -5.825750000000000206e+00 -6.171840000000000437e+00 -6.528100000000000236e+00 -6.308089999999999975e+00 -4.481519999999999726e+00 -3.835449999999999804e+00 -4.467579999999999885e+00 -4.659069999999999823e+00 -4.243109999999999715e+00
9.900000000000000000e+04 -5.366769999999999818e+00 -5.894160000000000288e+00 -6.464129999999999932e+00 -6.863360000000000127e+00 -7.229079999999999728e+00 -4.596000000000000085e+00 -5.856840000000000046e+00 -6.203350000000000364e+00 -6.560130000000000017e+00 -6.339830000000000076e+00 -4.510500000000000398e+00 -3.862309999999999910e+00 -4.496559999999999668e+00 -4.688369999999999926e+00 -4.271390000000000242e+00
1.000000000000000000e+05 -5.397109999999999630e+00 -5.925080000000000346e+00 -6.495510000000000339e+00 -6.894999999999999574e+00 -7.260900000000000354e+00 -4.626360000000000028e+00 -5.887629999999999697e+00 -6.234560000000000102e+00 -6.591840000000000366e+00 -6.371269999999999989e+00 -4.539229999999999876e+00 -3.888970000000000038e+00 -4.525280000000000413e+00 -4.717419999999999725e+00 -4.299430000000000085e+00
1.010000000000000000e+05 -5.427159999999999762e+00 -5.955700000000000216e+00 -6.526600000000000179e+00 -6.926330000000000098e+00 -7.292410000000000281e+00 -4.656439999999999912e+00 -5.918140000000000178e+00 -6.265469999999999651e+00 -6.623249999999999638e+00 -6.402400000000000091e+00 -4.567709999999999937e+00 -3.915430000000000188e+00 -4.553770000000000095e+00 -4.746209999999999596e+00 -4.327250000000000263e+00
1.020000000000000000e+05 -5.456949999999999967e+00 -5.986049999999999649e+00 -6.557400000000000340e+00 -6.957360000000000433e+00 -7.323620000000000019e+00 -4.686239999999999739e+00 -5.948360000000000092e+00 -6.296100000000000030e+00 -6.654349999999999987e+00 -6.433250000000000135e+00 -4.595959999999999823e+00 -3.941689999999999916e+00 -4.582010000000000360e+00 -4.774770000000000181e+00 -4.354840000000000266e+00
1.030000000000000000e+05 -5.486460000000000115e+00 -6.016110000000000291e+00 -6.587909999999999933e+00 -6.988100000000000200e+00 -7.354529999999999568e+00 -4.715779999999999639e+00 -5.978309999999999569e+00 -6.326439999999999841e+00 -6.685170000000000279e+00 -6.463799999999999990e+00 -4.623969999999999914e+00 -3.967760000000000176e+00 -4.610019999999999563e+00 -4.803069999999999951e+00 -4.382209999999999717e+00
1.040000000000000000e+05 -5.515719999999999956e+00 -6.045899999999999608e+00 -6.618140000000000356e+00 -7.018550000000000288e+00 -7.385150000000000325e+00 -4.745059999999999611e+00 -6.007990000000000386e+00 -6.356510000000000105e+00 -6.715690000000000381e+00 -6.494069999999999787e+00 -4.651749999999999829e+00 -3.993650000000000144e+00 -4.637800000000000367e+00 -4.831150000000000055e+00 -4.409370000000000012e+00
1.050000000000000000e+05 -5.544719999999999871e+00 -6.075429999999999886e+00 -6.648080000000000211e+00 -7.048729999999999940e+00 -7.415490000000000137e+00 -4.774070000000000036e+00 -6.037399999999999878e+00 -6.386289999999999800e+00 -6.745940000000000047e+00 -6.524070000000000036e+00 -4.679299999999999571e+00 -4.019339999999999691e+00 -4.665350000000000108e+00 -4.858979999999999855e+00 -4.436300000000000132e+00
1.060000000000000000e+05 -5.573459999999999859e+00 -6.104689999999999728e+00 -6.677760000000000140e+00 -7.078619999999999912e+00 -7.445549999999999891e+00 -4.802839999999999776e+00 -6.066550000000000331e+00 -6.415809999999999569e+00 -6.775900000000000034e+00 -6.553790000000000227e+00 -4.706629999999999647e+00 -4.044850000000000279e+00 -4.692680000000000184e+00 -4.886589999999999989e+00 -4.463029999999999831e+00
1.070000000000000000e+05 -5.601960000000000051e+00 -6.133689999999999642e+00 -6.707169999999999632e+00 -7.108249999999999957e+00 -7.475329999999999586e+00 -4.831349999999999589e+00 -6.095439999999999969e+00 -6.445070000000000299e+00 -6.805589999999999584e+00 -6.583239999999999981e+00 -4.733740000000000059e+00 -4.070170000000000066e+00 -4.719780000000000086e+00 -4.913969999999999949e+00 -4.489550000000000374e+00
1.080000000000000000e+05 -5.630209999999999937e+00 -6.162429999999999630e+00 -6.736320000000000086e+00 -7.137599999999999945e+00 -7.504839999999999733e+00 -4.859619999999999607e+00 -6.124089999999999812e+00 -6.474070000000000213e+00 -6.835020000000000095e+00 -6.612429999999999808e+00 -4.760629999999999917e+00 -4.095320000000000071e+00 -4.746669999999999945e+00 -4.941130000000000244e+00 -4.515859999999999985e+00
1.090000000000000000e+05 -5.658220000000000027e+00 -6.190929999999999822e+00 -6.765209999999999724e+00 -7.166699999999999626e+00 -7.534089999999999954e+00 -4.887649999999999828e+00 -6.152479999999999727e+00 -6.502810000000000201e+00 -6.864180000000000170e+00 -6.641359999999999708e+00 -4.787300000000000111e+00 -4.120280000000000165e+00 -4.773349999999999760e+00 -4.968069999999999986e+00 -4.541970000000000063e+00
1.100000000000000000e+05 -5.685990000000000322e+00 -6.219179999999999708e+00 -6.793849999999999945e+00 -7.195540000000000269e+00 -7.563080000000000247e+00 -4.915440000000000254e+00 -6.180629999999999846e+00 -6.531299999999999883e+00 -6.893080000000000318e+00 -6.670040000000000191e+00 -4.813769999999999882e+00 -4.145069999999999588e+00 -4.799809999999999910e+00 -4.994790000000000063e+00 -4.567879999999999718e+00
1.110000000000000000e+05 -5.713530000000000442e+00 -6.247189999999999799e+00 -6.822239999999999860e+00 -7.224129999999999718e+00 -7.591809999999999725e+00 -4.942999999999999616e+00 -6.208540000000000170e+00 -6.559540000000000148e+00 -6.921730000000000160e+00 -6.698470000000000368e+00 -4.840029999999999610e+00 -4.169679999999999609e+00 -4.826069999999999638e+00 -5.021289999999999587e+00 -4.593589999999999840e+00
1.120000000000000000e+05 -5.740840000000000387e+00 -6.274960000000000093e+00 -6.850380000000000358e+00 -7.252460000000000129e+00 -7.620300000000000296e+00 -4.970329999999999693e+00 -6.236209999999999809e+00 -6.587550000000000239e+00 -6.950129999999999697e+00 -6.726650000000000240e+00 -4.866080000000000183e+00 -4.194119999999999848e+00 -4.852120000000000211e+00 -5.047589999999999577e+00 -4.619110000000000049e+00
1.130000000000000000e+05 -5.767929999999999779e+00 -6.302489999999999704e+00 -6.878280000000000172e+00 -7.280560000000000365e+00 -7.648530000000000051e+00 -4.997440000000000104e+00 -6.263650000000000162e+00 -6.615310000000000024e+00 -6.978290000000000326e+00 -6.754590000000000316e+00 -4.891930000000000334e+00 -4.218390000000000306e+00 -4.877970000000000361e+00 -5.073680000000000412e+00 -4.644440000000000346e+00
1.140000000000000000e+05 -5.794800000000000395e+00 -6.329799999999999649e+00 -6.905949999999999811e+00 -7.308410000000000295e+00 -7.676529999999999632e+00 -5.024320000000000341e+00 -6.290869999999999962e+00 -6.642839999999999634e+00 -7.006199999999999761e+00 -6.782289999999999708e+00 -4.917589999999999684e+00 -4.242499999999999716e+00 -4.903620000000000090e+00 -5.099569999999999936e+00 -4.669579999999999842e+00
1.150000000000000000e+05 -5.821449999999999569e+00 -6.356880000000000308e+00 -6.933379999999999654e+00 -7.336030000000000051e+00 -7.704279999999999795e+00 -5.050980000000000025e+00 -6.317859999999999587e+00 -6.670149999999999579e+00 -7.033879999999999910e+00 -6.809770000000000323e+00 -4.943039999999999878e+00 -4.266429999999999723e+00 -4.929079999999999906e+00 -5.125259999999999927e+00 -4.694530000000000314e+00
1.160000000000000000e+05 -5.847879999999999967e+00 -6.383740000000000414e+00 -6.960589999999999833e+00 -7.363419999999999632e+00 -7.731799999999999784e+00 -5.077429999999999666e+00 -6.344630000000000436e+00 -6.697219999999999729e+00 -7.061329999999999885e+00 -6.837010000000000254e+00 -4.968309999999999782e+00 -4.290199999999999569e+00 -4.954349999999999810e+00 -5.150750000000000384e+00 -4.719310000000000116e+00
1.170000000000000000e+05 -5.874100000000000321e+00 -6.410379999999999967e+00 -6.987569999999999837e+00 -7.390579999999999927e+00 -7.759100000000000108e+00 -5.103670000000000151e+00 -6.371179999999999843e+00 -6.724070000000000213e+00 -7.088540000000000063e+00 -6.864020000000000010e+00 -4.993389999999999773e+00 -4.313810000000000144e+00 -4.979420000000000179e+00 -5.176040000000000418e+00 -4.743890000000000384e+00
1.180000000000000000e+05 -5.900120000000000253e+00 -6.436810000000000365e+00 -7.014330000000000176e+00 -7.417510000000000048e+00 -7.786159999999999748e+00 -5.129699999999999704e+00 -6.397520000000000095e+00 -6.750709999999999766e+00 -7.115529999999999688e+00 -6.890819999999999723e+00 -5.018270000000000231e+00 -4.337259999999999671e+00 -5.004310000000000258e+00 -5.201150000000000162e+00 -4.768309999999999604e+00
1.190000000000000000e+05 -5.925930000000000142e+00 -6.463020000000000209e+00 -7.040869999999999962e+00 -7.444230000000000125e+00 -7.812999999999999723e+00 -5.155529999999999724e+00 -6.423650000000000304e+00 -6.777129999999999654e+00 -7.142299999999999649e+00 -6.917390000000000150e+00 -5.042980000000000018e+00 -4.360560000000000436e+00 -5.029010000000000424e+00 -5.226060000000000372e+00 -4.792539999999999800e+00
1.200000000000000000e+05 -5.951529999999999987e+00 -6.489029999999999632e+00 -7.067199999999999704e+00 -7.470720000000000027e+00 -7.839629999999999654e+00 -5.181149999999999700e+00 -6.449569999999999581e+00 -6.803329999999999878e+00 -7.168849999999999945e+00 -6.943760000000000154e+00 -5.067499999999999893e+00 -4.383689999999999642e+00 -5.053530000000000300e+00 -5.250799999999999912e+00 -4.816600000000000215e+00
1.210000000000000000e+05 -5.976950000000000429e+00 -6.514829999999999899e+00 -7.093320000000000292e+00 -7.497010000000000396e+00 -7.866030000000000300e+00 -5.206579999999999764e+00 -6.475279999999999703e+00 -6.829329999999999679e+00 -7.195190000000000197e+00 -6.969909999999999606e+00 -5.091840000000000366e+00 -4.406670000000000087e+00 -5.077880000000000393e+00 -5.275339999999999918e+00 -4.840489999999999959e+00
1.220000000000000000e+05 -6.002159999999999940e+00 -6.540429999999999744e+00 -7.119229999999999947e+00 -7.523080000000000211e+00 -7.892229999999999634e+00 -5.231810000000000294e+00 -6.500799999999999912e+00 -6.855120000000000324e+00 -7.221309999999999896e+00 -6.995849999999999902e+00 -5.116010000000000169e+00 -4.429499999999999993e+00 -5.102039999999999687e+00 -5.299710000000000143e+00 -4.864220000000000432e+00
1.230000000000000000e+05 -6.027180000000000426e+00 -6.565830000000000055e+00 -7.144940000000000069e+00 -7.548949999999999605e+00 -7.918219999999999814e+00 -5.256850000000000023e+00 -6.526119999999999699e+00 -6.880720000000000169e+00 -7.247230000000000061e+00 -7.021589999999999776e+00 -5.139999999999999680e+00 -4.452180000000000248e+00 -5.126030000000000086e+00 -5.323900000000000077e+00 -4.887769999999999726e+00
1.240000000000000000e+05 -6.052019999999999733e+00 -6.591029999999999944e+00 -7.170440000000000147e+00 -7.574609999999999843e+00 -7.943999999999999950e+00 -5.281690000000000218e+00 -6.551249999999999574e+00 -6.906109999999999971e+00 -7.272949999999999804e+00 -7.047119999999999607e+00 -5.163820000000000299e+00 -4.474709999999999965e+00 -5.149849999999999817e+00 -5.347909999999999719e+00 -4.911159999999999748e+00
1.250000000000000000e+05 -6.076660000000000394e+00 -6.616039999999999921e+00 -7.195750000000000313e+00 -7.600080000000000169e+00 -7.969579999999999664e+00 -5.306350000000000122e+00 -6.576179999999999914e+00 -6.931300000000000239e+00 -7.298460000000000392e+00 -7.072460000000000413e+00 -5.187470000000000248e+00 -4.497090000000000032e+00 -5.173499999999999766e+00 -5.371749999999999581e+00 -4.934389999999999610e+00
1.260000000000000000e+05 -6.101130000000000386e+00 -6.640859999999999985e+00 -7.220860000000000056e+00 -7.625339999999999563e+00 -7.994959999999999845e+00 -5.330829999999999735e+00 -6.600929999999999964e+00 -6.956310000000000215e+00 -7.323769999999999669e+00 -7.097610000000000419e+00 -5.210960000000000036e+00 -4.519330000000000069e+00 -5.196990000000000443e+00 -5.395419999999999661e+00 -4.957460000000000200e+00
1.270000000000000000e+05 -6.125409999999999577e+00 -6.665499999999999758e+00 -7.245790000000000397e+00 -7.650409999999999933e+00 -8.020139999999999603e+00 -5.355129999999999946e+00 -6.625490000000000101e+00 -6.981119999999999770e+00 -7.348889999999999922e+00 -7.122560000000000002e+00 -5.234270000000000422e+00 -4.541419999999999568e+00 -5.220309999999999562e+00 -5.418919999999999959e+00 -4.980369999999999742e+00
1.280000000000000000e+05 -6.149510000000000254e+00 -6.689949999999999619e+00 -7.270520000000000316e+00 -7.675290000000000390e+00 -8.045130000000000337e+00 -5.379240000000000244e+00 -6.649860000000000326e+00 -7.005749999999999922e+00 -7.373820000000000263e+00 -7.147319999999999673e+00 -5.257430000000000270e+00 -4.563380000000000436e+00 -5.243459999999999788e+00 -5.442260000000000097e+00 -5.003129999999999633e+00
1.290000000000000000e+05 -6.173440000000000261e+00 -6.714220000000000077e+00 -7.295060000000000322e+00 -7.699989999999999668e+00 -8.069929999999999382e+00 -5.403179999999999872e+00 -6.674059999999999881e+00 -7.030190000000000161e+00 -7.398559999999999803e+00 -7.171899999999999942e+00 -5.280429999999999957e+00 -4.585189999999999877e+00 -5.266460000000000363e+00 -5.465429999999999566e+00 -5.025730000000000253e+00
1.300000000000000000e+05 -6.197199999999999598e+00 -6.738310000000000244e+00 -7.319429999999999659e+00 -7.724490000000000300e+00 -8.094540000000000290e+00 -5.426949999999999719e+00 -6.698080000000000034e+00 -7.054450000000000109e+00 -7.423110000000000319e+00 -7.196290000000000298e+00 -5.303259999999999863e+00 -4.606860000000000177e+00 -5.289290000000000269e+00 -5.488439999999999763e+00 -5.048180000000000334e+00
1.310000000000000000e+05 -6.220780000000000420e+00 -6.762220000000000120e+00 -7.343609999999999971e+00 -7.748820000000000263e+00 -8.118969999999999132e+00 -5.450549999999999784e+00 -6.721919999999999895e+00 -7.078529999999999767e+00 -7.447479999999999656e+00 -7.220500000000000362e+00 -5.325949999999999740e+00 -4.628400000000000070e+00 -5.311980000000000146e+00 -5.511289999999999800e+00 -5.070479999999999876e+00
1.320000000000000000e+05 -6.244189999999999685e+00 -6.785960000000000214e+00 -7.367619999999999614e+00 -7.772960000000000313e+00 -8.143219999999999459e+00 -5.473980000000000068e+00 -6.745589999999999975e+00 -7.102430000000000021e+00 -7.471669999999999590e+00 -7.244530000000000136e+00 -5.348469999999999835e+00 -4.649799999999999933e+00 -5.334500000000000242e+00 -5.533990000000000187e+00 -5.092640000000000278e+00
1.330000000000000000e+05 -6.267439999999999678e+00 -6.809529999999999639e+00 -7.391449999999999854e+00 -7.796929999999999694e+00 -8.167289999999999495e+00 -5.497239999999999682e+00 -6.769090000000000273e+00 -7.126170000000000115e+00 -7.495680000000000121e+00 -7.268390000000000128e+00 -5.370849999999999902e+00 -4.671070000000000277e+00 -5.356880000000000308e+00 -5.556530000000000413e+00 -5.114639999999999631e+00
1.340000000000000000e+05 -6.290530000000000399e+00 -6.832930000000000170e+00 -7.415099999999999802e+00 -7.820719999999999672e+00 -8.191179999999999239e+00 -5.520330000000000403e+00 -6.792430000000000412e+00 -7.149729999999999919e+00 -7.519510000000000360e+00 -7.292069999999999830e+00 -5.393069999999999808e+00 -4.692199999999999704e+00 -5.379100000000000215e+00 -5.578920000000000101e+00 -5.136510000000000353e+00
1.350000000000000000e+05 -6.313449999999999562e+00 -6.856160000000000032e+00 -7.438589999999999591e+00 -7.844339999999999868e+00 -8.214900000000000091e+00 -5.543269999999999698e+00 -6.815599999999999881e+00 -7.173119999999999941e+00 -7.543169999999999931e+00 -7.315579999999999750e+00 -5.415149999999999686e+00 -4.713210000000000122e+00 -5.401180000000000092e+00 -5.601149999999999629e+00 -5.158229999999999649e+00
1.360000000000000000e+05 -6.336219999999999963e+00 -6.879229999999999734e+00 -7.461909999999999599e+00 -7.867790000000000283e+00 -8.238440000000000651e+00 -5.566049999999999720e+00 -6.838599999999999568e+00 -7.196340000000000181e+00 -7.566659999999999719e+00 -7.338930000000000398e+00 -5.437079999999999913e+00 -4.734079999999999622e+00 -5.423110000000000319e+00 -5.623240000000000016e+00 -5.179809999999999803e+00
1.370000000000000000e+05 -6.358819999999999695e+00 -6.902140000000000164e+00 -7.485059999999999825e+00 -7.891070000000000029e+00 -8.261820000000000164e+00 -5.588669999999999582e+00 -6.861439999999999984e+00 -7.219400000000000261e+00 -7.589979999999999727e+00 -7.362110000000000376e+00 -5.458870000000000111e+00 -4.754830000000000112e+00 -5.444899999999999629e+00 -5.645179999999999865e+00 -5.201249999999999929e+00
1.380000000000000000e+05 -6.381280000000000285e+00 -6.924890000000000434e+00 -7.508049999999999891e+00 -7.914189999999999614e+00 -8.285030000000000783e+00 -5.611130000000000173e+00 -6.884129999999999860e+00 -7.242300000000000182e+00 -7.613139999999999574e+00 -7.385119999999999685e+00 -5.480509999999999771e+00 -4.775450000000000195e+00 -5.466540000000000177e+00 -5.666979999999999684e+00 -5.222550000000000026e+00
1.390000000000000000e+05 -6.403579999999999828e+00 -6.947479999999999656e+00 -7.530879999999999797e+00 -7.937140000000000306e+00 -8.308080000000000354e+00 -5.633440000000000225e+00 -6.906659999999999577e+00 -7.265039999999999942e+00 -7.636140000000000150e+00 -7.407980000000000231e+00 -5.502019999999999911e+00 -4.795950000000000379e+00 -5.488050000000000317e+00 -5.688629999999999853e+00 -5.243719999999999715e+00
1.400000000000000000e+05 -6.425729999999999720e+00 -6.969920000000000115e+00 -7.553550000000000431e+00 -7.959929999999999950e+00 -8.330959999999999255e+00 -5.655599999999999739e+00 -6.929039999999999644e+00 -7.287620000000000431e+00 -7.658970000000000056e+00 -7.430670000000000108e+00 -5.523380000000000400e+00 -4.816320000000000157e+00 -5.509409999999999918e+00 -5.710149999999999615e+00 -5.264759999999999884e+00
1.410000000000000000e+05 -6.447729999999999961e+00 -6.992200000000000415e+00 -7.576069999999999638e+00 -7.982569999999999943e+00 -8.353690000000000282e+00 -5.677609999999999602e+00 -6.951260000000000439e+00 -7.310050000000000381e+00 -7.681639999999999802e+00 -7.453210000000000335e+00 -5.544609999999999594e+00 -4.836570000000000036e+00 -5.530640000000000001e+00 -5.731519999999999726e+00 -5.285660000000000025e+00
1.420000000000000000e+05 -6.469579999999999664e+00 -7.014330000000000176e+00 -7.598429999999999573e+00 -8.005050000000000665e+00 -8.376260000000000261e+00 -5.699480000000000324e+00 -6.973329999999999806e+00 -7.332329999999999792e+00 -7.704159999999999897e+00 -7.475590000000000401e+00 -5.565710000000000157e+00 -4.856709999999999638e+00 -5.551730000000000054e+00 -5.752749999999999808e+00 -5.306429999999999758e+00
1.430000000000000000e+05 -6.491290000000000227e+00 -7.036319999999999908e+00 -7.620630000000000237e+00 -8.027369999999999450e+00 -8.398669999999999192e+00 -5.721189999999999998e+00 -6.995260000000000034e+00 -7.354449999999999932e+00 -7.726519999999999833e+00 -7.497819999999999929e+00 -5.586660000000000181e+00 -4.876719999999999722e+00 -5.572689999999999699e+00 -5.773850000000000371e+00 -5.327069999999999972e+00
1.440000000000000000e+05 -6.512850000000000250e+00 -7.058150000000000368e+00 -7.642689999999999984e+00 -8.049549999999999983e+00 -8.420930000000000248e+00 -5.742770000000000152e+00 -7.017039999999999722e+00 -7.376420000000000421e+00 -7.748730000000000118e+00 -7.519899999999999807e+00 -5.607490000000000308e+00 -4.896609999999999907e+00 -5.593519999999999825e+00 -5.794819999999999638e+00 -5.347590000000000288e+00
1.450000000000000000e+05 -6.534279999999999866e+00 -7.079839999999999911e+00 -7.664600000000000080e+00 -8.071569999999999467e+00 -8.443039999999999878e+00 -5.764199999999999768e+00 -7.038669999999999760e+00 -7.398249999999999993e+00 -7.770789999999999864e+00 -7.541839999999999655e+00 -5.628190000000000026e+00 -4.916389999999999816e+00 -5.614220000000000432e+00 -5.815649999999999764e+00 -5.367980000000000196e+00
1.460000000000000000e+05 -6.555559999999999832e+00 -7.101390000000000313e+00 -7.686370000000000147e+00 -8.093450000000000699e+00 -8.464999999999999858e+00 -5.785499999999999865e+00 -7.060159999999999769e+00 -7.419929999999999914e+00 -7.792709999999999582e+00 -7.563620000000000232e+00 -5.648760000000000225e+00 -4.936049999999999827e+00 -5.634789999999999743e+00 -5.836350000000000371e+00 -5.388250000000000206e+00
1.470000000000000000e+05 -6.576710000000000278e+00 -7.122799999999999798e+00 -7.707980000000000054e+00 -8.115180000000000504e+00 -8.486810000000000187e+00 -5.806659999999999933e+00 -7.081509999999999749e+00 -7.441469999999999807e+00 -7.814470000000000027e+00 -7.585259999999999891e+00 -5.669200000000000017e+00 -4.955599999999999561e+00 -5.655230000000000423e+00 -5.856919999999999682e+00 -5.408389999999999809e+00
1.480000000000000000e+05 -6.597719999999999807e+00 -7.144070000000000142e+00 -7.729460000000000441e+00 -8.136760000000000659e+00 -8.508480000000000487e+00 -5.827679999999999971e+00 -7.102730000000000210e+00 -7.462869999999999671e+00 -7.836090000000000444e+00 -7.606760000000000410e+00 -5.689510000000000289e+00 -4.975039999999999907e+00 -5.675539999999999807e+00 -5.877360000000000362e+00 -5.428410000000000402e+00
1.490000000000000000e+05 -6.618599999999999817e+00 -7.165199999999999569e+00 -7.750799999999999912e+00 -8.158210000000000406e+00 -8.530010000000000758e+00 -5.848569999999999602e+00 -7.123800000000000132e+00 -7.484130000000000393e+00 -7.857569999999999943e+00 -7.628120000000000012e+00 -5.709699999999999775e+00 -4.994360000000000355e+00 -5.695730000000000182e+00 -5.897680000000000256e+00 -5.448310000000000208e+00
1.500000000000000000e+05 -6.639350000000000307e+00 -7.186189999999999856e+00 -7.772000000000000242e+00 -8.179510000000000502e+00 -8.551389999999999603e+00 -5.869320000000000093e+00 -7.144750000000000156e+00 -7.505250000000000199e+00 -7.878910000000000302e+00 -7.649339999999999584e+00 -5.729770000000000252e+00 -5.013569999999999638e+00 -5.715799999999999770e+00 -5.917869999999999742e+00 -5.468099999999999739e+00
1.510000000000000000e+05 -6.659959999999999880e+00 -7.207049999999999734e+00 -7.793059999999999654e+00 -8.200680000000000192e+00 -8.572639999999999816e+00 -5.889949999999999797e+00 -7.165549999999999642e+00 -7.526229999999999976e+00 -7.900109999999999744e+00 -7.670420000000000016e+00 -5.749719999999999942e+00 -5.032680000000000042e+00 -5.735750000000000348e+00 -5.937940000000000218e+00 -5.487759999999999749e+00
1.520000000000000000e+05 -6.680450000000000443e+00 -7.227780000000000094e+00 -7.813979999999999926e+00 -8.221709999999999852e+00 -8.593740000000000379e+00 -5.910440000000000360e+00 -7.186230000000000118e+00 -7.547089999999999854e+00 -7.921170000000000044e+00 -7.691370000000000040e+00 -5.769540000000000113e+00 -5.051680000000000170e+00 -5.755569999999999631e+00 -5.957889999999999908e+00 -5.507310000000000372e+00
1.530000000000000000e+05 -6.700800000000000090e+00 -7.248380000000000045e+00 -7.834769999999999790e+00 -8.242599999999999483e+00 -8.614720000000000155e+00 -5.930810000000000137e+00 -7.206780000000000186e+00 -7.567800000000000082e+00 -7.942099999999999937e+00 -7.712180000000000035e+00 -5.789250000000000007e+00 -5.070570000000000022e+00 -5.775280000000000413e+00 -5.977719999999999700e+00 -5.526749999999999829e+00
1.540000000000000000e+05 -6.721040000000000347e+00 -7.268839999999999968e+00 -7.855439999999999756e+00 -8.263370000000000104e+00 -8.635550000000000281e+00 -5.951050000000000395e+00 -7.227199999999999847e+00 -7.588390000000000413e+00 -7.962889999999999802e+00 -7.732859999999999623e+00 -5.808840000000000003e+00 -5.089349999999999596e+00 -5.794870000000000410e+00 -5.997429999999999595e+00 -5.546070000000000277e+00
1.550000000000000000e+05 -6.741150000000000198e+00 -7.289189999999999614e+00 -7.875969999999999693e+00 -8.284000000000000696e+00 -8.656259999999999621e+00 -5.971169999999999867e+00 -7.247489999999999988e+00 -7.608850000000000335e+00 -7.983559999999999768e+00 -7.753409999999999691e+00 -5.828319999999999723e+00 -5.108030000000000292e+00 -5.814350000000000129e+00 -6.017019999999999591e+00 -5.565279999999999561e+00
1.560000000000000000e+05 -6.761129999999999640e+00 -7.309400000000000119e+00 -7.896370000000000111e+00 -8.304500000000000881e+00 -8.676830000000000709e+00 -5.991159999999999819e+00 -7.267649999999999721e+00 -7.629179999999999851e+00 -8.004089999999999705e+00 -7.773830000000000240e+00 -5.847680000000000433e+00 -5.126610000000000333e+00 -5.833709999999999951e+00 -6.036489999999999689e+00 -5.584380000000000344e+00
1.570000000000000000e+05 -6.780990000000000073e+00 -7.329489999999999839e+00 -7.916640000000000121e+00 -8.324870000000000658e+00 -8.697279999999999234e+00 -6.011029999999999873e+00 -7.287689999999999557e+00 -7.649390000000000356e+00 -8.024490000000000123e+00 -7.794130000000000003e+00 -5.866929999999999978e+00 -5.145080000000000098e+00 -5.852960000000000385e+00 -6.055860000000000021e+00 -5.603369999999999962e+00
1.580000000000000000e+05 -6.800740000000000229e+00 -7.349459999999999660e+00 -7.936790000000000234e+00 -8.345119999999999649e+00 -8.717589999999999506e+00 -6.030789999999999651e+00 -7.307610000000000383e+00 -7.669469999999999565e+00 -8.044769999999999754e+00 -7.814300000000000246e+00 -5.886070000000000135e+00 -5.163450000000000095e+00 -5.872099999999999653e+00 -6.075099999999999945e+00 -5.622250000000000192e+00
1.590000000000000000e+05 -6.820359999999999978e+00 -7.369299999999999962e+00 -7.956819999999999560e+00 -8.365240000000000009e+00 -8.737790000000000390e+00 -6.050419999999999909e+00 -7.327410000000000423e+00 -7.689429999999999765e+00 -8.064920000000000755e+00 -7.834340000000000082e+00 -5.905090000000000394e+00 -5.181729999999999947e+00 -5.891119999999999912e+00 -6.094240000000000101e+00 -5.641020000000000145e+00
1.600000000000000000e+05 -6.839870000000000339e+00 -7.389029999999999987e+00 -7.976720000000000255e+00 -8.385229999999999961e+00 -8.757849999999999469e+00 -6.069939999999999891e+00 -7.347089999999999677e+00 -7.709259999999999557e+00 -8.084949999999999193e+00 -7.854269999999999641e+00 -5.924009999999999998e+00 -5.199900000000000411e+00 -5.910040000000000404e+00 -6.113260000000000360e+00 -5.659690000000000332e+00
1.610000000000000000e+05 -6.859270000000000422e+00 -7.408640000000000114e+00 -7.996509999999999785e+00 -8.405110000000000525e+00 -8.777799999999999159e+00 -6.089339999999999975e+00 -7.366660000000000430e+00 -7.728979999999999961e+00 -8.104850000000000776e+00 -7.874069999999999681e+00 -5.942820000000000213e+00 -5.217979999999999841e+00 -5.928849999999999731e+00 -6.132179999999999964e+00 -5.678259999999999863e+00
1.620000000000000000e+05 -6.878540000000000099e+00 -7.428130000000000344e+00 -8.016170000000000684e+00 -8.424870000000000303e+00 -8.797620000000000218e+00 -6.108629999999999782e+00 -7.386099999999999888e+00 -7.748579999999999579e+00 -8.124639999999999418e+00 -7.893749999999999822e+00 -5.961520000000000152e+00 -5.235960000000000392e+00 -5.947549999999999670e+00 -6.150979999999999670e+00 -5.696720000000000006e+00
1.630000000000000000e+05 -6.897710000000000008e+00 -7.447499999999999787e+00 -8.035719999999999530e+00 -8.444499999999999673e+00 -8.817320000000000491e+00 -6.127799999999999692e+00 -7.405429999999999957e+00 -7.768060000000000187e+00 -8.144299999999999429e+00 -7.913319999999999688e+00 -5.980120000000000324e+00 -5.253840000000000288e+00 -5.966149999999999842e+00 -6.169679999999999609e+00 -5.715069999999999872e+00
1.640000000000000000e+05 -6.916760000000000019e+00 -7.466759999999999842e+00 -8.055149999999999366e+00 -8.464019999999999655e+00 -8.836909999999999599e+00 -6.146860000000000213e+00 -7.424649999999999750e+00 -7.787429999999999630e+00 -8.163850000000000051e+00 -7.932760000000000034e+00 -5.998610000000000220e+00 -5.271620000000000417e+00 -5.984639999999999738e+00 -6.188279999999999781e+00 -5.733329999999999593e+00
1.650000000000000000e+05 -6.935710000000000264e+00 -7.485909999999999620e+00 -8.074460000000000193e+00 -8.483420000000000627e+00 -8.856379999999999697e+00 -6.165809999999999569e+00 -7.443749999999999645e+00 -7.806680000000000064e+00 -8.183279999999999887e+00 -7.952099999999999724e+00 -6.017000000000000348e+00 -5.289320000000000022e+00 -6.003029999999999866e+00 -6.206769999999999676e+00 -5.751490000000000435e+00
1.660000000000000000e+05 -6.954539999999999722e+00 -7.504950000000000010e+00 -8.093659999999999854e+00 -8.502710000000000434e+00 -8.875730000000000786e+00 -6.184650000000000425e+00 -7.462749999999999773e+00 -7.825820000000000221e+00 -8.202600000000000335e+00 -7.971309999999999896e+00 -6.035289999999999822e+00 -5.306919999999999860e+00 -6.021320000000000228e+00 -6.225150000000000183e+00 -5.769540000000000113e+00
1.670000000000000000e+05 -6.973270000000000302e+00 -7.523869999999999614e+00 -8.112750000000000128e+00 -8.521890000000000853e+00 -8.894970000000000709e+00 -6.203389999999999738e+00 -7.481630000000000003e+00 -7.844850000000000101e+00 -8.221799999999999997e+00 -7.990420000000000300e+00 -6.053469999999999906e+00 -5.324430000000000440e+00 -6.039500000000000313e+00 -6.243439999999999657e+00 -5.787499999999999645e+00
1.680000000000000000e+05 -6.991889999999999716e+00 -7.542690000000000339e+00 -8.131729999999999237e+00 -8.540950000000000486e+00 -8.914089999999999847e+00 -6.222019999999999662e+00 -7.500399999999999956e+00 -7.863760000000000083e+00 -8.240890000000000271e+00 -8.009420000000000428e+00 -6.071559999999999846e+00 -5.341840000000000366e+00 -6.057590000000000252e+00 -6.261619999999999742e+00 -5.805360000000000298e+00
1.690000000000000000e+05 -7.010399999999999743e+00 -7.561399999999999899e+00 -8.150600000000000733e+00 -8.559900000000000730e+00 -8.933109999999999218e+00 -6.240540000000000198e+00 -7.519070000000000142e+00 -7.882570000000000299e+00 -8.259859999999999758e+00 -8.028299999999999770e+00 -6.089540000000000397e+00 -5.359169999999999767e+00 -6.075580000000000425e+00 -6.279700000000000060e+00 -5.823129999999999917e+00
1.700000000000000000e+05 -7.028810000000000002e+00 -7.580000000000000071e+00 -8.169359999999999289e+00 -8.578739999999999810e+00 -8.952009999999999579e+00 -6.258960000000000079e+00 -7.537630000000000052e+00 -7.901270000000000238e+00 -8.278729999999999478e+00 -8.047079999999999345e+00 -6.107429999999999914e+00 -5.376409999999999911e+00 -6.093469999999999942e+00 -6.297690000000000232e+00 -5.840799999999999770e+00
1.710000000000000000e+05 -7.047119999999999607e+00 -7.598499999999999588e+00 -8.188010000000000232e+00 -8.597469999999999501e+00 -8.970800000000000551e+00 -6.277269999999999683e+00 -7.556090000000000195e+00 -7.919859999999999900e+00 -8.297489999999999810e+00 -8.065739999999999910e+00 -6.125230000000000175e+00 -5.393550000000000288e+00 -6.111259999999999692e+00 -6.315570000000000128e+00 -5.858380000000000365e+00
1.720000000000000000e+05 -7.065330000000000332e+00 -7.616889999999999716e+00 -8.206559999999999633e+00 -8.616099999999999426e+00 -8.989489999999999981e+00 -6.295480000000000409e+00 -7.574440000000000062e+00 -7.938349999999999795e+00 -8.316140000000000754e+00 -8.084310000000000329e+00 -6.142920000000000158e+00 -5.410610000000000142e+00 -6.128960000000000186e+00 -6.333359999999999879e+00 -5.875860000000000305e+00
1.730000000000000000e+05 -7.083429999999999893e+00 -7.635180000000000078e+00 -8.224999999999999645e+00 -8.634619999999999962e+00 -9.008070000000000022e+00 -6.313589999999999591e+00 -7.592690000000000161e+00 -7.956739999999999924e+00 -8.334690000000000154e+00 -8.102759999999999962e+00 -6.160529999999999617e+00 -5.427590000000000359e+00 -6.146560000000000024e+00 -6.351049999999999862e+00 -5.893250000000000099e+00
1.740000000000000000e+05 -7.101429999999999687e+00 -7.653369999999999784e+00 -8.243330000000000268e+00 -8.653040000000000731e+00 -9.026550000000000296e+00 -6.331599999999999895e+00 -7.610839999999999606e+00 -7.975019999999999776e+00 -8.353130000000000166e+00 -8.121119999999999450e+00 -6.178029999999999688e+00 -5.444469999999999921e+00 -6.164069999999999716e+00 -6.368649999999999700e+00 -5.910549999999999748e+00
1.750000000000000000e+05 -7.119340000000000224e+00 -7.671450000000000102e+00 -8.261570000000000746e+00 -8.671350000000000335e+00 -9.044919999999999405e+00 -6.349520000000000053e+00 -7.628890000000000171e+00 -7.993199999999999861e+00 -8.371470000000000411e+00 -8.139369999999999550e+00 -6.195450000000000124e+00 -5.461280000000000356e+00 -6.181490000000000151e+00 -6.386160000000000281e+00 -5.927760000000000140e+00
1.760000000000000000e+05 -7.137150000000000105e+00 -7.689440000000000275e+00 -8.279700000000000060e+00 -8.689560000000000173e+00 -9.063179999999999126e+00 -6.367329999999999934e+00 -7.646840000000000082e+00 -8.011269999999999669e+00 -8.389699999999999491e+00 -8.157519999999999882e+00 -6.212769999999999904e+00 -5.477990000000000137e+00 -6.198809999999999931e+00 -6.403570000000000206e+00 -5.944890000000000008e+00
1.770000000000000000e+05 -7.154860000000000220e+00 -7.707329999999999792e+00 -8.297739999999999227e+00 -8.707670000000000243e+00 -9.081350000000000477e+00 -6.385049999999999670e+00 -7.664690000000000225e+00 -8.029249999999999332e+00 -8.407840000000000202e+00 -8.175560000000000827e+00 -6.230010000000000048e+00 -5.494629999999999903e+00 -6.216039999999999566e+00 -6.420889999999999986e+00 -5.961920000000000108e+00
1.780000000000000000e+05 -7.172480000000000189e+00 -7.725120000000000431e+00 -8.315670000000000783e+00 -8.725680000000000547e+00 -9.099410000000000664e+00 -6.402669999999999639e+00 -7.682439999999999714e+00 -8.047129999999999228e+00 -8.425869999999999749e+00 -8.193509999999999849e+00 -6.247150000000000425e+00 -5.511180000000000412e+00 -6.233189999999999564e+00 -6.438119999999999621e+00 -5.978860000000000063e+00
1.790000000000000000e+05 -7.190000000000000391e+00 -7.742810000000000414e+00 -8.333510000000000417e+00 -8.743589999999999307e+00 -9.117380000000000706e+00 -6.420200000000000351e+00 -7.700099999999999945e+00 -8.064909999999999357e+00 -8.443799999999999528e+00 -8.211360000000000881e+00 -6.264210000000000278e+00 -5.527650000000000396e+00 -6.250239999999999796e+00 -6.455250000000000377e+00 -5.995720000000000383e+00
1.800000000000000000e+05 -7.207429999999999559e+00 -7.760410000000000252e+00 -8.351240000000000663e+00 -8.761400000000000077e+00 -9.135249999999999204e+00 -6.437640000000000029e+00 -7.717660000000000409e+00 -8.082599999999999341e+00 -8.461639999999999162e+00 -8.229119999999999990e+00 -6.281170000000000364e+00 -5.544039999999999857e+00 -6.267210000000000392e+00 -6.472299999999999720e+00 -6.012500000000000178e+00
1.810000000000000000e+05 -7.224759999999999849e+00 -7.777919999999999945e+00 -8.368890000000000384e+00 -8.779120000000000701e+00 -9.153019999999999712e+00 -6.454979999999999940e+00 -7.735129999999999839e+00 -8.100189999999999557e+00 -8.479380000000000805e+00 -8.246779999999999333e+00 -6.298049999999999926e+00 -5.560349999999999682e+00 -6.284089999999999954e+00 -6.489259999999999806e+00 -6.029180000000000206e+00
1.820000000000000000e+05 -7.242009999999999614e+00 -7.795329999999999870e+00 -8.386430000000000717e+00 -8.796739999999999782e+00 -9.170690000000000452e+00 -6.472229999999999706e+00 -7.752510000000000012e+00 -8.117689999999999628e+00 -8.497019999999999129e+00 -8.264340000000000686e+00 -6.314840000000000231e+00 -5.576579999999999870e+00 -6.300880000000000258e+00 -6.506140000000000256e+00 -6.045790000000000219e+00
1.830000000000000000e+05 -7.259159999999999613e+00 -7.812649999999999650e+00 -8.403890000000000526e+00 -8.814260000000000872e+00 -9.188269999999999271e+00 -6.489390000000000214e+00 -7.769790000000000418e+00 -8.135089999999999932e+00 -8.514570000000000860e+00 -8.281810000000000116e+00 -6.331550000000000011e+00 -5.592730000000000423e+00 -6.317590000000000039e+00 -6.522920000000000051e+00 -6.062310000000000088e+00
1.840000000000000000e+05 -7.276229999999999976e+00 -7.829869999999999663e+00 -8.421250000000000568e+00 -8.831690000000000040e+00 -9.205750000000000099e+00 -6.506459999999999688e+00 -7.786979999999999791e+00 -8.152400000000000091e+00 -8.532019999999999271e+00 -8.299179999999999779e+00 -6.348169999999999646e+00 -5.608799999999999564e+00 -6.334209999999999674e+00 -6.539629999999999832e+00 -6.078750000000000320e+00
1.850000000000000000e+05 -7.293199999999999683e+00 -7.847010000000000041e+00 -8.438520000000000465e+00 -8.849030000000000840e+00 -9.223140000000000782e+00 -6.523439999999999905e+00 -7.804090000000000416e+00 -8.169620000000000104e+00 -8.549379999999999313e+00 -8.316459999999999297e+00 -6.364709999999999646e+00 -5.624789999999999957e+00 -6.350749999999999673e+00 -6.556239999999999846e+00 -6.095100000000000406e+00
1.860000000000000000e+05 -7.310089999999999755e+00 -7.864060000000000272e+00 -8.455700000000000216e+00 -8.866279999999999717e+00 -9.240439999999999543e+00 -6.540339999999999598e+00 -7.821100000000000385e+00 -8.186749999999999972e+00 -8.566649999999999210e+00 -8.333660000000000068e+00 -6.381170000000000009e+00 -5.640710000000000335e+00 -6.367210000000000036e+00 -6.572779999999999845e+00 -6.111379999999999590e+00
1.870000000000000000e+05 -7.326889999999999681e+00 -7.881020000000000358e+00 -8.472780000000000200e+00 -8.883430000000000604e+00 -9.257649999999999935e+00 -6.557150000000000034e+00 -7.838029999999999831e+00 -8.203789999999999694e+00 -8.583830000000000737e+00 -8.350759999999999295e+00 -6.397549999999999848e+00 -5.656550000000000189e+00 -6.383580000000000254e+00 -6.589229999999999698e+00 -6.127570000000000405e+00
1.880000000000000000e+05 -7.343609999999999971e+00 -7.897890000000000299e+00 -8.489779999999999660e+00 -8.900499999999999190e+00 -9.274760000000000559e+00 -6.573870000000000324e+00 -7.854860000000000397e+00 -8.220739999999999270e+00 -8.600920000000000343e+00 -8.367770000000000152e+00 -6.413840000000000430e+00 -5.672320000000000029e+00 -6.399879999999999569e+00 -6.605599999999999916e+00 -6.143690000000000317e+00
1.890000000000000000e+05 -7.360240000000000116e+00 -7.914670000000000094e+00 -8.506690000000000751e+00 -8.917479999999999407e+00 -9.291790000000000660e+00 -6.590499999999999581e+00 -7.871620000000000061e+00 -8.237600000000000477e+00 -8.617910000000000181e+00 -8.384690000000000865e+00 -6.430049999999999599e+00 -5.688010000000000232e+00 -6.416089999999999627e+00 -6.621879999999999988e+00 -6.159729999999999706e+00
1.900000000000000000e+05 -7.376780000000000115e+00 -7.931370000000000253e+00 -8.523519999999999541e+00 -8.934369999999999479e+00 -9.308730000000000615e+00 -6.607059999999999711e+00 -7.888279999999999959e+00 -8.254379999999999384e+00 -8.634819999999999496e+00 -8.401529999999999276e+00 -6.446180000000000021e+00 -5.703630000000000422e+00 -6.432220000000000049e+00 -6.638090000000000046e+00 -6.175690000000000346e+00
1.910000000000000000e+05 -7.393250000000000099e+00 -7.947980000000000267e+00 -8.540250000000000341e+00 -8.951169999999999405e+00 -9.325580000000000425e+00 -6.623520000000000074e+00 -7.904860000000000220e+00 -8.271069999999999922e+00 -8.651650000000000063e+00 -8.418279999999999319e+00 -6.462240000000000428e+00 -5.719179999999999708e+00 -6.448279999999999568e+00 -6.654219999999999580e+00 -6.191569999999999574e+00
1.920000000000000000e+05 -7.409629999999999939e+00 -7.964509999999999756e+00 -8.556910000000000238e+00 -8.967879999999999185e+00 -9.342340000000000089e+00 -6.639910000000000423e+00 -7.921359999999999957e+00 -8.287670000000000314e+00 -8.668380000000000862e+00 -8.434950000000000614e+00 -6.478209999999999802e+00 -5.734650000000000247e+00 -6.464249999999999829e+00 -6.670259999999999856e+00 -6.207379999999999676e+00
1.930000000000000000e+05 -7.425919999999999632e+00 -7.980959999999999610e+00 -8.573470000000000368e+00 -8.984510000000000218e+00 -9.359019999999999229e+00 -6.656209999999999738e+00 -7.937770000000000437e+00 -8.304190000000000182e+00 -8.685029999999999362e+00 -8.451529999999999987e+00 -6.494110000000000049e+00 -5.750049999999999883e+00 -6.480150000000000077e+00 -6.686230000000000118e+00 -6.223110000000000142e+00
1.940000000000000000e+05 -7.442140000000000200e+00 -7.997320000000000206e+00 -8.589959999999999596e+00 -9.001060000000000727e+00 -9.375609999999999999e+00 -6.672439999999999927e+00 -7.954110000000000014e+00 -8.320629999999999526e+00 -8.701599999999999113e+00 -8.468019999999999214e+00 -6.509940000000000282e+00 -5.765380000000000393e+00 -6.495980000000000310e+00 -6.702130000000000365e+00 -6.238769999999999705e+00
1.950000000000000000e+05 -7.458280000000000243e+00 -8.013600000000000279e+00 -8.606360000000000454e+00 -9.017519999999999314e+00 -9.392120000000000246e+00 -6.688579999999999970e+00 -7.970360000000000333e+00 -8.336990000000000123e+00 -8.718080000000000496e+00 -8.484429999999999694e+00 -6.525680000000000369e+00 -5.780640000000000001e+00 -6.511720000000000397e+00 -6.717939999999999579e+00 -6.254349999999999632e+00
1.960000000000000000e+05 -7.474339999999999762e+00 -8.029809999999999448e+00 -8.622669999999999391e+00 -9.033899999999999153e+00 -9.408549999999999969e+00 -6.704640000000000377e+00 -7.986530000000000129e+00 -8.353260000000000574e+00 -8.734479999999999578e+00 -8.500759999999999650e+00 -6.541350000000000442e+00 -5.795829999999999593e+00 -6.527389999999999581e+00 -6.733679999999999666e+00 -6.269860000000000433e+00
1.970000000000000000e+05 -7.490319999999999645e+00 -8.045930000000000248e+00 -8.638909999999999201e+00 -9.050200000000000244e+00 -9.424889999999999546e+00 -6.720629999999999882e+00 -8.002620000000000289e+00 -8.369450000000000500e+00 -8.750799999999999912e+00 -8.517010000000000858e+00 -6.556949999999999612e+00 -5.810950000000000060e+00 -6.542989999999999640e+00 -6.749349999999999739e+00 -6.285300000000000331e+00
1.980000000000000000e+05 -7.506219999999999892e+00 -8.061970000000000525e+00 -8.655070000000000263e+00 -9.066420000000000812e+00 -9.441150000000000375e+00 -6.736530000000000129e+00 -8.018629999999999924e+00 -8.385569999999999524e+00 -8.767039999999999722e+00 -8.533179999999999765e+00 -6.572470000000000034e+00 -5.825999999999999623e+00 -6.558510000000000062e+00 -6.764940000000000175e+00 -6.300659999999999705e+00
1.990000000000000000e+05 -7.522039999999999615e+00 -8.077930000000000277e+00 -8.671150000000000801e+00 -9.082549999999999457e+00 -9.457330000000000680e+00 -6.752360000000000362e+00 -8.034560000000000812e+00 -8.401600000000000179e+00 -8.783189999999999387e+00 -8.549269999999999925e+00 -6.587920000000000442e+00 -5.840980000000000061e+00 -6.573959999999999582e+00 -6.780450000000000088e+00 -6.315959999999999575e+00
2.000000000000000000e+05 -7.537790000000000212e+00 -8.093819999999999126e+00 -8.687139999999999418e+00 -9.098610000000000753e+00 -9.473440000000000083e+00 -6.768119999999999692e+00 -8.050420000000000798e+00 -8.417559999999999931e+00 -8.799269999999999925e+00 -8.565279999999999561e+00 -6.603299999999999947e+00 -5.855900000000000105e+00 -6.589339999999999975e+00 -6.795899999999999608e+00 -6.331179999999999808e+00
