1.00000e+03 -2.88100e+01 -1.88500e+01 -1.28400e+01 -9.24000e+00 -6.56000e+00 -2.72400e+01 -1.97400e+01 -1.47000e+01 -1.01600e+01 -7.82000e+00
1.07230e+03 -2.63200e+01 -1.71000e+01 -1.15100e+01 -8.18000e+00 -5.72000e+00 -2.48100e+01 -1.79600e+01 -1.32800e+01 -9.08000e+00 -6.84000e+00
1.14980e+03 -2.40100e+01 -1.54900e+01 -1.02900e+01 -7.21000e+00 -4.95000e+00 -2.25600e+01 -1.63200e+01 -1.19600e+01 -8.08000e+00 -5.93000e+00
1.23280e+03 -2.18700e+01 -1.40000e+01 -9.16000e+00 -6.32000e+00 -4.24000e+00 -2.04700e+01 -1.48000e+01 -1.07300e+01 -7.16000e+00 -5.11000e+00
1.32190e+03 -1.98900e+01 -1.26200e+01 -8.13000e+00 -5.51000e+00 -3.61000e+00 -1.85400e+01 -1.33900e+01 -9.60000e+00 -6.32000e+00 -4.36000e+00
1.41750e+03 -1.80600e+01 -1.13500e+01 -7.18000e+00 -4.77000e+00 -3.03000e+00 -1.67400e+01 -1.20900e+01 -8.56000e+00 -5.54000e+00 -3.67000e+00
1.51990e+03 -1.63700e+01 -1.01900e+01 -6.31000e+00 -4.10000e+00 -2.51000e+00 -1.50900e+01 -1.08900e+01 -7.60000e+00 -4.83000e+00 -3.06000e+00
1.62980e+03 -1.48100e+01 -9.11000e+00 -5.52000e+00 -3.49000e+00 -2.05000e+00 -1.35600e+01 -9.78000e+00 -6.72000e+00 -4.17000e+00 -2.50000e+00
1.74750e+03 -1.33600e+01 -8.13000e+00 -4.81000e+00 -2.95000e+00 -1.63000e+00 -1.21500e+01 -8.76000e+00 -5.92000e+00 -3.58000e+00 -2.00000e+00
1.87380e+03 -1.20300e+01 -7.22000e+00 -4.15000e+00 -2.46000e+00 -1.27000e+00 -1.08500e+01 -7.82000e+00 -5.18000e+00 -3.04000e+00 -1.56000e+00
2.00920e+03 -1.08100e+01 -6.39000e+00 -3.56000e+00 -2.02000e+00 -9.40000e-01 -9.65000e+00 -6.96000e+00 -4.51000e+00 -2.55000e+00 -1.16000e+00
2.15440e+03 -9.69000e+00 -5.64000e+00 -3.03000e+00 -1.63000e+00 -6.60000e-01 -8.55000e+00 -6.17000e+00 -3.90000e+00 -2.10000e+00 -8.10000e-01
2.31010e+03 -8.66000e+00 -4.95000e+00 -2.56000e+00 -1.28000e+00 -4.20000e-01 -7.55000e+00 -5.45000e+00 -3.35000e+00 -1.71000e+00 -5.00000e-01
2.47710e+03 -7.72000e+00 -4.33000e+00 -2.13000e+00 -9.80000e-01 -2.10000e-01 -6.62000e+00 -4.79000e+00 -2.86000e+00 -1.35000e+00 -2.30000e-01
2.65610e+03 -6.85000e+00 -3.76000e+00 -1.75000e+00 -7.20000e-01 -3.00000e-02 -5.78000e+00 -4.20000e+00 -2.41000e+00 -1.04000e+00 -0.00000e+00
2.84800e+03 -6.07000e+00 -3.25000e+00 -1.42000e+00 -4.90000e-01 1.10000e-01 -5.02000e+00 -3.66000e+00 -2.02000e+00 -7.70000e-01 1.90000e-01
3.05390e+03 -5.35000e+00 -2.79000e+00 -1.13000e+00 -3.00000e-01 2.20000e-01 -4.32000e+00 -3.17000e+00 -1.66000e+00 -5.30000e-01 3.50000e-01
3.27450e+03 -4.70000e+00 -2.38000e+00 -8.70000e-01 -1.50000e-01 3.10000e-01 -3.69000e+00 -2.73000e+00 -1.36000e+00 -3.20000e-01 4.80000e-01
3.51120e+03 -4.12000e+00 -2.01000e+00 -6.60000e-01 -2.00000e-02 3.70000e-01 -3.12000e+00 -2.34000e+00 -1.09000e+00 -1.50000e-01 5.90000e-01
3.76490e+03 -3.59000e+00 -1.69000e+00 -4.80000e-01 8.00000e-02 4.10000e-01 -2.61000e+00 -2.00000e+00 -8.50000e-01 -1.00000e-02 6.60000e-01
4.03700e+03 -3.12000e+00 -1.41000e+00 -3.30000e-01 1.50000e-01 4.30000e-01 -2.15000e+00 -1.69000e+00 -6.60000e-01 1.10000e-01 7.20000e-01
4.32880e+03 -2.69000e+00 -1.16000e+00 -2.10000e-01 2.00000e-01 4.20000e-01 -1.74000e+00 -1.43000e+00 -4.90000e-01 2.00000e-01 7.50000e-01
4.64160e+03 -2.32000e+00 -9.50000e-01 -1.10000e-01 2.30000e-01 4.00000e-01 -1.38000e+00 -1.20000e+00 -3.60000e-01 2.60000e-01 7.60000e-01
4.97700e+03 -1.99000e+00 -7.70000e-01 -4.00000e-02 2.40000e-01 3.60000e-01 -1.06000e+00 -1.00000e+00 -2.50000e-01 3.00000e-01 7.50000e-01
5.33670e+03 -1.70000e+00 -6.30000e-01 0.00000e+00 2.30000e-01 3.10000e-01 -7.80000e-01 -8.40000e-01 -1.70000e-01 3.20000e-01 7.20000e-01
5.72240e+03 -1.45000e+00 -5.10000e-01 2.00000e-02 2.00000e-01 2.40000e-01 -5.40000e-01 -7.00000e-01 -1.10000e-01 3.20000e-01 6.70000e-01
6.13590e+03 -1.24000e+00 -4.20000e-01 3.00000e-02 1.50000e-01 1.60000e-01 -3.40000e-01 -6.00000e-01 -8.00000e-02 3.10000e-01 6.10000e-01
6.57930e+03 -1.06000e+00 -3.50000e-01 1.00000e-02 9.00000e-02 7.00000e-02 -1.70000e-01 -5.10000e-01 -7.00000e-02 2.70000e-01 5.40000e-01
7.05480e+03 -9.10000e-01 -3.10000e-01 -2.00000e-02 1.00000e-02 -3.00000e-02 -3.00000e-02 -4.60000e-01 -7.00000e-02 2.20000e-01 4.60000e-01
7.56460e+03 -7.90000e-01 -2.90000e-01 -7.00000e-02 -7.00000e-02 -1.50000e-01 8.00000e-02 -4.20000e-01 -1.00000e-01 1.60000e-01 3.60000e-01
8.11130e+03 -7.00000e-01 -2.80000e-01 -1.40000e-01 -1.70000e-01 -2.70000e-01 1.60000e-01 -4.10000e-01 -1.40000e-01 8.00000e-02 2.50000e-01
8.69750e+03 -6.40000e-01 -3.00000e-01 -2.20000e-01 -2.80000e-01 -4.00000e-01 2.20000e-01 -4.20000e-01 -2.00000e-01 -1.00000e-02 1.30000e-01
9.32600e+03 -5.90000e-01 -3.30000e-01 -3.10000e-01 -4.00000e-01 -5.40000e-01 2.50000e-01 -4.40000e-01 -2.70000e-01 -1.10000e-01 1.00000e-02
1.00000e+04 -5.70000e-01 -3.80000e-01 -4.10000e-01 -5.30000e-01 -6.90000e-01 2.70000e-01 -4.80000e-01 -3.50000e-01 -2.20000e-01 -1.30000e-01
1.07227e+04 -5.70000e-01 -4.50000e-01 -5.20000e-01 -6.60000e-01 -8.40000e-01 2.60000e-01 -5.40000e-01 -4.40000e-01 -3.40000e-01 -2.70000e-01
1.14976e+04 -5.90000e-01 -5.20000e-01 -6.40000e-01 -8.00000e-01 -1.00000e+00 2.40000e-01 -6.10000e-01 -5.50000e-01 -4.70000e-01 -4.20000e-01
1.23285e+04 -6.30000e-01 -6.10000e-01 -7.70000e-01 -9.50000e-01 -1.16000e+00 2.00000e-01 -6.90000e-01 -6.70000e-01 -6.00000e-01 -5.70000e-01
1.32194e+04 -6.80000e-01 -7.10000e-01 -9.00000e-01 -1.11000e+00 -1.33000e+00 1.40000e-01 -7.80000e-01 -7.90000e-01 -7.50000e-01 -7.30000e-01
1.41747e+04 -7.40000e-01 -8.20000e-01 -1.05000e+00 -1.27000e+00 -1.51000e+00 7.00000e-02 -8.90000e-01 -9.20000e-01 -9.00000e-01 -9.00000e-01
1.51991e+04 -8.20000e-01 -9.40000e-01 -1.20000e+00 -1.44000e+00 -1.68000e+00 -1.00000e-02 -1.00000e+00 -1.06000e+00 -1.05000e+00 -1.07000e+00
1.62975e+04 -9.10000e-01 -1.07000e+00 -1.36000e+00 -1.61000e+00 -1.86000e+00 -1.00000e-01 -1.12000e+00 -1.21000e+00 -1.22000e+00 -1.25000e+00
1.74753e+04 -1.01000e+00 -1.21000e+00 -1.52000e+00 -1.78000e+00 -2.05000e+00 -2.10000e-01 -1.26000e+00 -1.36000e+00 -1.38000e+00 -1.42000e+00
1.87382e+04 -1.13000e+00 -1.35000e+00 -1.69000e+00 -1.96000e+00 -2.24000e+00 -3.20000e-01 -1.40000e+00 -1.52000e+00 -1.55000e+00 -1.61000e+00
2.00923e+04 -1.25000e+00 -1.50000e+00 -1.86000e+00 -2.15000e+00 -2.43000e+00 -4.50000e-01 -1.54000e+00 -1.69000e+00 -1.73000e+00 -1.79000e+00
2.15443e+04 -1.38000e+00 -1.66000e+00 -2.03000e+00 -2.33000e+00 -2.62000e+00 -5.80000e-01 -1.69000e+00 -1.86000e+00 -1.91000e+00 -1.98000e+00
2.31013e+04 -1.52000e+00 -1.82000e+00 -2.21000e+00 -2.52000e+00 -2.82000e+00 -7.20000e-01 -1.85000e+00 -2.03000e+00 -2.09000e+00 -2.18000e+00
2.47708e+04 -1.66000e+00 -1.99000e+00 -2.40000e+00 -2.72000e+00 -3.02000e+00 -8.70000e-01 -2.02000e+00 -2.21000e+00 -2.28000e+00 -2.37000e+00
2.65609e+04 -1.81000e+00 -2.16000e+00 -2.58000e+00 -2.91000e+00 -3.22000e+00 -1.02000e+00 -2.19000e+00 -2.39000e+00 -2.47000e+00 -2.57000e+00
2.84804e+04 -1.97000e+00 -2.33000e+00 -2.78000e+00 -3.11000e+00 -3.42000e+00 -1.18000e+00 -2.36000e+00 -2.58000e+00 -2.66000e+00 -2.77000e+00
3.05386e+04 -2.13000e+00 -2.51000e+00 -2.97000e+00 -3.31000e+00 -3.62000e+00 -1.35000e+00 -2.54000e+00 -2.77000e+00 -2.86000e+00 -2.97000e+00
3.27455e+04 -2.30000e+00 -2.70000e+00 -3.16000e+00 -3.51000e+00 -3.83000e+00 -1.52000e+00 -2.72000e+00 -2.96000e+00 -3.05000e+00 -3.17000e+00
3.51119e+04 -2.47000e+00 -2.88000e+00 -3.36000e+00 -3.71000e+00 -4.04000e+00 -1.69000e+00 -2.90000e+00 -3.15000e+00 -3.25000e+00 -3.38000e+00
3.76494e+04 -2.65000e+00 -3.07000e+00 -3.56000e+00 -3.92000e+00 -4.25000e+00 -1.87000e+00 -3.09000e+00 -3.35000e+00 -3.46000e+00 -3.58000e+00
4.03702e+04 -2.83000e+00 -3.26000e+00 -3.76000e+00 -4.12000e+00 -4.46000e+00 -2.05000e+00 -3.28000e+00 -3.55000e+00 -3.66000e+00 -3.79000e+00
4.32876e+04 -3.02000e+00 -3.46000e+00 -3.97000e+00 -4.33000e+00 -4.67000e+00 -2.23000e+00 -3.48000e+00 -3.75000e+00 -3.86000e+00 -4.00000e+00
4.64159e+04 -3.20000e+00 -3.66000e+00 -4.17000e+00 -4.54000e+00 -4.88000e+00 -2.42000e+00 -3.67000e+00 -3.95000e+00 -4.07000e+00 -4.21000e+00
4.97702e+04 -3.39000e+00 -3.86000e+00 -4.38000e+00 -4.75000e+00 -5.10000e+00 -2.61000e+00 -3.87000e+00 -4.15000e+00 -4.28000e+00 -4.42000e+00
5.33670e+04 -3.59000e+00 -4.06000e+00 -4.59000e+00 -4.97000e+00 -5.31000e+00 -2.81000e+00 -4.07000e+00 -4.36000e+00 -4.49000e+00 -4.64000e+00
5.72237e+04 -3.78000e+00 -4.26000e+00 -4.80000e+00 -5.18000e+00 -5.53000e+00 -3.00000e+00 -4.27000e+00 -4.57000e+00 -4.70000e+00 -4.85000e+00
6.13591e+04 -3.98000e+00 -4.47000e+00 -5.01000e+00 -5.39000e+00 -5.74000e+00 -3.20000e+00 -4.48000e+00 -4.78000e+00 -4.91000e+00 -5.07000e+00
6.57933e+04 -4.18000e+00 -4.67000e+00 -5.22000e+00 -5.61000e+00 -5.96000e+00 -3.40000e+00 -4.68000e+00 -4.99000e+00 -5.13000e+00 -5.28000e+00
7.05480e+04 -4.38000e+00 -4.88000e+00 -5.44000e+00 -5.82000e+00 -6.18000e+00 -3.61000e+00 -4.89000e+00 -5.20000e+00 -5.34000e+00 -5.50000e+00
7.56463e+04 -4.59000e+00 -5.09000e+00 -5.65000e+00 -6.04000e+00 -6.40000e+00 -3.81000e+00 -5.10000e+00 -5.41000e+00 -5.56000e+00 -5.72000e+00
8.11131e+04 -4.79000e+00 -5.30000e+00 -5.87000e+00 -6.26000e+00 -6.61000e+00 -4.02000e+00 -5.31000e+00 -5.63000e+00 -5.77000e+00 -5.93000e+00
8.69749e+04 -5.00000e+00 -5.52000e+00 -6.08000e+00 -6.48000e+00 -6.83000e+00 -4.23000e+00 -5.52000e+00 -5.84000e+00 -5.99000e+00 -6.15000e+00
9.32603e+04 -5.21000e+00 -5.73000e+00 -6.30000e+00 -6.70000e+00 -7.05000e+00 -4.43000e+00 -5.74000e+00 -6.06000e+00 -6.21000e+00 -6.37000e+00
1.00000e+05 -5.42000e+00 -5.94000e+00 -6.52000e+00 -6.91000e+00 -7.27000e+00 -4.65000e+00 -5.95000e+00 -6.27000e+00 -6.42000e+00 -6.59000e+00
1.07227e+05 -5.63000e+00 -6.16000e+00 -6.73000e+00 -7.13000e+00 -7.50000e+00 -4.86000e+00 -6.16000e+00 -6.49000e+00 -6.64000e+00 -6.81000e+00
1.14976e+05 -5.84000e+00 -6.37000e+00 -6.95000e+00 -7.35000e+00 -7.72000e+00 -5.07000e+00 -6.38000e+00 -6.71000e+00 -6.86000e+00 -7.03000e+00
1.23285e+05 -6.05000e+00 -6.59000e+00 -7.17000e+00 -7.57000e+00 -7.94000e+00 -5.28000e+00 -6.59000e+00 -6.92000e+00 -7.08000e+00 -7.25000e+00
1.32194e+05 -6.26000e+00 -6.80000e+00 -7.39000e+00 -7.79000e+00 -8.16000e+00 -5.49000e+00 -6.81000e+00 -7.14000e+00 -7.30000e+00 -7.47000e+00
1.41747e+05 -6.48000e+00 -7.02000e+00 -7.60000e+00 -8.01000e+00 -8.38000e+00 -5.70000e+00 -7.02000e+00 -7.36000e+00 -7.51000e+00 -7.69000e+00
1.51991e+05 -6.69000e+00 -7.23000e+00 -7.82000e+00 -8.23000e+00 -8.59000e+00 -5.92000e+00 -7.23000e+00 -7.57000e+00 -7.73000e+00 -7.90000e+00
1.62975e+05 -6.89000e+00 -7.44000e+00 -8.03000e+00 -8.44000e+00 -8.81000e+00 -6.12000e+00 -7.44000e+00 -7.78000e+00 -7.94000e+00 -8.12000e+00
1.74753e+05 -7.10000e+00 -7.65000e+00 -8.24000e+00 -8.65000e+00 -9.02000e+00 -6.33000e+00 -7.65000e+00 -7.99000e+00 -8.15000e+00 -8.33000e+00
1.87382e+05 -7.30000e+00 -7.85000e+00 -8.45000e+00 -8.86000e+00 -9.22000e+00 -6.53000e+00 -7.85000e+00 -8.20000e+00 -8.36000e+00 -8.54000e+00
2.00923e+05 -7.50000e+00 -8.05000e+00 -8.65000e+00 -9.06000e+00 -9.43000e+00 -6.73000e+00 -8.05000e+00 -8.40000e+00 -8.56000e+00 -8.74000e+00
2.15444e+05 -7.69000e+00 -8.24000e+00 -8.84000e+00 -9.25000e+00 -9.62000e+00 -6.92000e+00 -8.24000e+00 -8.59000e+00 -8.75000e+00 -8.93000e+00
2.31013e+05 -7.87000e+00 -8.43000e+00 -9.03000e+00 -9.44000e+00 -9.81000e+00 -7.10000e+00 -8.43000e+00 -8.78000e+00 -8.94000e+00 -9.12000e+00
2.47708e+05 -8.05000e+00 -8.61000e+00 -9.21000e+00 -9.62000e+00 -9.99000e+00 -7.28000e+00 -8.61000e+00 -8.96000e+00 -9.12000e+00 -9.30000e+00
2.65609e+05 -8.22000e+00 -8.78000e+00 -9.38000e+00 -9.79000e+00 -1.01600e+01 -7.45000e+00 -8.78000e+00 -9.13000e+00 -9.29000e+00 -9.47000e+00
2.84804e+05 -8.38000e+00 -8.94000e+00 -9.54000e+00 -9.96000e+00 -1.03300e+01 -7.61000e+00 -8.94000e+00 -9.29000e+00 -9.46000e+00 -9.64000e+00
3.05386e+05 -8.53000e+00 -9.10000e+00 -9.70000e+00 -1.01100e+01 -1.04900e+01 -7.76000e+00 -9.10000e+00 -9.45000e+00 -9.61000e+00 -9.79000e+00
3.27455e+05 -8.68000e+00 -9.24000e+00 -9.85000e+00 -1.02600e+01 -1.06300e+01 -7.91000e+00 -9.24000e+00 -9.59000e+00 -9.76000e+00 -9.94000e+00
3.51119e+05 -8.82000e+00 -9.38000e+00 -9.98000e+00 -1.04000e+01 -1.07700e+01 -8.05000e+00 -9.38000e+00 -9.73000e+00 -9.90000e+00 -1.00800e+01
3.76494e+05 -8.94000e+00 -9.51000e+00 -1.01100e+01 -1.05300e+01 -1.09000e+01 -8.17000e+00 -9.51000e+00 -9.86000e+00 -1.00300e+01 -1.02100e+01
4.03702e+05 -9.06000e+00 -9.63000e+00 -1.02400e+01 -1.06500e+01 -1.10300e+01 -8.29000e+00 -9.63000e+00 -9.98000e+00 -1.01500e+01 -1.03300e+01
4.32876e+05 -9.18000e+00 -9.74000e+00 -1.03500e+01 -1.07700e+01 -1.11400e+01 -8.41000e+00 -9.74000e+00 -1.01000e+01 -1.02600e+01 -1.04500e+01
4.64159e+05 -9.28000e+00 -9.85000e+00 -1.04600e+01 -1.08700e+01 -1.12500e+01 -8.51000e+00 -9.85000e+00 -1.02000e+01 -1.03700e+01 -1.05600e+01
4.97702e+05 -9.38000e+00 -9.95000e+00 -1.05600e+01 -1.09700e+01 -1.13500e+01 -8.61000e+00 -9.95000e+00 -1.03000e+01 -1.04700e+01 -1.06600e+01
5.33670e+05 -9.47000e+00 -1.00400e+01 -1.06500e+01 -1.10700e+01 -1.14400e+01 -8.70000e+00 -1.00400e+01 -1.03900e+01 -1.05600e+01 -1.07500e+01
5.72237e+05 -9.55000e+00 -1.01200e+01 -1.07300e+01 -1.11500e+01 -1.15300e+01 -8.79000e+00 -1.01200e+01 -1.04800e+01 -1.06500e+01 -1.08300e+01
6.13591e+05 -9.63000e+00 -1.02000e+01 -1.08100e+01 -1.12300e+01 -1.16100e+01 -8.86000e+00 -1.02000e+01 -1.05600e+01 -1.07300e+01 -1.09100e+01
6.57933e+05 -9.71000e+00 -1.02800e+01 -1.08900e+01 -1.13100e+01 -1.16800e+01 -8.94000e+00 -1.02800e+01 -1.06300e+01 -1.08000e+01 -1.09900e+01
7.05480e+05 -9.77000e+00 -1.03500e+01 -1.09600e+01 -1.13800e+01 -1.17500e+01 -9.01000e+00 -1.03500e+01 -1.07000e+01 -1.08700e+01 -1.10600e+01
7.56463e+05 -9.84000e+00 -1.04100e+01 -1.10200e+01 -1.14400e+01 -1.18200e+01 -9.07000e+00 -1.04100e+01 -1.07700e+01 -1.09400e+01 -1.11200e+01
8.11131e+05 -9.89000e+00 -1.04700e+01 -1.10800e+01 -1.15000e+01 -1.18700e+01 -9.13000e+00 -1.04700e+01 -1.08200e+01 -1.09900e+01 -1.11800e+01
8.69749e+05 -9.95000e+00 -1.05200e+01 -1.11300e+01 -1.15500e+01 -1.19300e+01 -9.18000e+00 -1.05200e+01 -1.08800e+01 -1.10500e+01 -1.12400e+01
9.32603e+05 -1.00000e+01 -1.05700e+01 -1.11900e+01 -1.16100e+01 -1.19800e+01 -9.23000e+00 -1.05700e+01 -1.09300e+01 -1.11000e+01 -1.12900e+01
1.00000e+06 -1.00500e+01 -1.06200e+01 -1.12300e+01 -1.16500e+01 -1.20300e+01 -9.28000e+00 -1.06200e+01 -1.09800e+01 -1.11500e+01 -1.13300e+01
