1341 2.23559e+15 1.154
1342 2.23392e+15 2.308
1343 2.23226e+15 3.462
1344 2.2306e+15 4.616
1345 2.22894e+15 5.77
1346 2.22728e+15 6.924
1347 2.22563e+15 8.078
1348 2.22398e+15 9.232
1349 2.22233e+15 10.386
1350 2.22068e+15 11.54
1351 2.21904e+15 11.8456
1352 2.2174e+15 12.1512
1353 2.21576e+15 12.4568
1354 2.21412e+15 12.7624
1355 2.21249e+15 13.068
1356 2.21086e+15 13.3736
1357 2.20923e+15 13.6792
1358 2.2076e+15 13.9848
1359 2.20598e+15 14.2904
1360 2.20436e+15 14.596
1361 2.20274e+15 14.9016
1362 2.20112e+15 15.2072
1363 2.1995e+15 15.5128
1364 2.19789e+15 15.8184
1365 2.19628e+15 16.124
1366 2.19467e+15 16.4296
1367 2.19307e+15 16.7352
1368 2.19147e+15 17.0408
1369 2.18986e+15 17.3464
1370 2.18827e+15 17.652
1371 2.18667e+15 17.6642
1372 2.18508e+15 17.6764
1373 2.18348e+15 17.6886
1374 2.1819e+15 17.7008
1375 2.18031e+15 17.713
1376 2.17872e+15 17.7252
1377 2.17714e+15 17.7374
1378 2.17556e+15 17.7496
1379 2.17398e+15 17.7618
1380 2.17241e+15 17.774
1381 2.17084e+15 17.4928
1382 2.16927e+15 17.2116
1383 2.1677e+15 16.9304
1384 2.16613e+15 16.6492
1385 2.16457e+15 16.368
1386 2.163e+15 16.0868
1387 2.16145e+15 15.8056
1388 2.15989e+15 15.5244
1389 2.15833e+15 15.2432
1390 2.15678e+15 14.962
1391 2.15523e+15 14.6808
1392 2.15368e+15 14.3996
1393 2.15214e+15 14.1184
1394 2.15059e+15 13.8372
1395 2.14905e+15 13.556
1396 2.14751e+15 13.2748
1397 2.14597e+15 12.9936
1398 2.14444e+15 12.7124
1399 2.14291e+15 12.4312
1400 2.14137e+15 12.15
1401 2.13985e+15 12.6744
1402 2.13832e+15 13.1988
1403 2.1368e+15 13.7232
1404 2.13527e+15 14.2476
1405 2.13375e+15 14.772
1406 2.13224e+15 15.2964
1407 2.13072e+15 15.8208
1408 2.12921e+15 16.3452
1409 2.1277e+15 16.8696
1410 2.12619e+15 17.394
1411 2.12468e+15 17.9184
1412 2.12318e+15 18.4428
1413 2.12167e+15 18.9672
1414 2.12017e+15 19.4916
1415 2.11867e+15 20.016
1416 2.11718e+15 20.5404
1417 2.11568e+15 21.0648
1418 2.11419e+15 21.5892
1419 2.1127e+15 22.1136
1420 2.11121e+15 22.638
1421 2.10973e+15 23.0784
1422 2.10825e+15 23.5188
1423 2.10676e+15 23.9592
1424 2.10528e+15 24.3996
1425 2.10381e+15 24.84
1426 2.10233e+15 25.2804
1427 2.10086e+15 25.7208
1428 2.09939e+15 26.1612
1429 2.09792e+15 26.6016
1430 2.09645e+15 27.042
1431 2.09499e+15 27.3984
1432 2.09352e+15 27.7548
1433 2.09206e+15 28.1112
1434 2.0906e+15 28.4676
1435 2.08915e+15 28.824
1436 2.08769e+15 29.1804
1437 2.08624e+15 29.5368
1438 2.08479e+15 29.8932
1439 2.08334e+15 30.2496
1440 2.08189e+15 30.606
1441 2.08045e+15 30.9937
1442 2.079e+15 31.3188
1443 2.07756e+15 31.6752
1444 2.07613e+15 32.0316
1445 2.07469e+15 32.388
1446 2.07325e+15 32.7444
1447 2.07182e+15 33.1008
1448 2.07039e+15 33.4572
1449 2.06896e+15 33.8136
1450 2.06753e+15 34.17
1451 2.06611e+15 34.2944
1452 2.06469e+15 34.4188
1453 2.06327e+15 34.5432
1454 2.06185e+15 34.6676
1455 2.06043e+15 34.792
1456 2.05901e+15 34.9164
1457 2.0576e+15 35.0408
1458 2.05619e+15 35.1652
1459 2.05478e+15 35.2896
1460 2.05337e+15 35.414
1461 2.05197e+15 35.5384
1462 2.05056e+15 35.6628
1463 2.04916e+15 35.7872
1464 2.04776e+15 35.9116
1465 2.04636e+15 36.036
1466 2.04497e+15 36.1604
1467 2.04358e+15 36.2848
1468 2.04218e+15 36.4092
1469 2.04079e+15 36.5336
1470 2.0394e+15 36.658
1471 2.03802e+15 36.6728
1472 2.03663e+15 36.6876
1473 2.03525e+15 36.7024
1474 2.03387e+15 36.7172
1475 2.03249e+15 36.732
1476 2.03111e+15 36.7468
1477 2.02974e+15 36.7616
1478 2.02837e+15 36.7764
1479 2.02699e+15 36.7912
1480 2.02562e+15 36.806
1481 2.02426e+15 36.7112
1482 2.02289e+15 36.6164
1483 2.02153e+15 36.5216
1484 2.02016e+15 36.4268
1485 2.0188e+15 36.332
1486 2.01745e+15 36.2372
1487 2.01609e+15 36.1424
1488 2.01473e+15 36.0476
1489 2.01338e+15 35.9528
1490 2.01203e+15 35.858
1491 2.01068e+15 35.7632
1492 2.00933e+15 35.6684
1493 2.00799e+15 35.5736
1494 2.00664e+15 35.4788
1495 2.0053e+15 35.384
1496 2.00396e+15 35.2892
1497 2.00262e+15 35.1944
1498 2.00128e+15 35.0996
1499 1.99995e+15 35.0048
1500 1.99862e+15 34.91
1501 1.99728e+15 34.8988
1502 1.99596e+15 34.8876
1503 1.99463e+15 34.8764
1504 1.9933e+15 34.8652
1505 1.99198e+15 34.854
1506 1.99065e+15 34.8428
1507 1.98933e+15 34.8316
1508 1.98801e+15 34.8204
1509 1.9867e+15 34.8092
1510 1.98538e+15 34.798
1511 1.98407e+15 34.7868
1512 1.98275e+15 34.7756
1513 1.98144e+15 34.7644
1514 1.98014e+15 34.7532
1515 1.97883e+15 34.742
1516 1.97752e+15 34.7308
1517 1.97622e+15 34.7196
1518 1.97492e+15 34.7084
1519 1.97362e+15 34.6972
1520 1.97232e+15 34.686
1521 1.97102e+15 34.5116
1522 1.96973e+15 34.3372
1523 1.96843e+15 34.1628
1524 1.96714e+15 33.9884
1525 1.96585e+15 33.814
1526 1.96456e+15 33.6396
1527 1.96328e+15 33.4652
1528 1.96199e+15 33.2908
1529 1.96071e+15 33.1164
1530 1.95943e+15 32.942
1531 1.95815e+15 32.6044
1532 1.95687e+15 32.2668
1533 1.95559e+15 31.9292
1534 1.95432e+15 31.5916
1535 1.95305e+15 31.254
1536 1.95177e+15 30.9164
1537 1.9505e+15 30.5788
1538 1.94924e+15 30.2412
1539 1.94797e+15 29.9036
1540 1.9467e+15 29.566
1541 1.94544e+15 29.2284
1542 1.94418e+15 28.8908
1543 1.94292e+15 28.5532
1544 1.94166e+15 28.2156
1545 1.9404e+15 27.878
1546 1.93915e+15 27.5404
1547 1.9379e+15 27.2028
1548 1.93664e+15 26.8652
1549 1.93539e+15 26.5276
1550 1.93414e+15 26.19
1551 1.9329e+15 26.1797
1552 1.93165e+15 26.1693
1553 1.93041e+15 26.159
1554 1.92917e+15 26.1487
1555 1.92793e+15 26.1383
1556 1.92669e+15 26.128
1557 1.92545e+15 26.1177
1558 1.92421e+15 26.1074
1559 1.92298e+15 26.097
1560 1.92175e+15 26.0867
1561 1.92052e+15 26.0764
1562 1.91929e+15 26.066
1563 1.91806e+15 26.0557
1564 1.91683e+15 26.0453
1565 1.91561e+15 26.035
1566 1.91438e+15 26.0247
1567 1.91316e+15 26.0143
1568 1.91194e+15 26.004
1569 1.91072e+15 25.9936
1570 1.90951e+15 25.9833
1571 1.90829e+15 25.973
1572 1.90708e+15 25.9626
1573 1.90586e+15 25.9523
1574 1.90465e+15 25.942
1575 1.90344e+15 25.9316
1576 1.90224e+15 25.9213
1577 1.90103e+15 25.911
1578 1.89983e+15 25.9007
1579 1.89862e+15 25.8903
1580 1.89742e+15 25.88
1581 1.89622e+15 25.8697
1582 1.89502e+15 25.8593
1583 1.89382e+15 25.849
1584 1.89263e+15 25.8387
1585 1.89144e+15 25.8284
1586 1.89024e+15 25.818
1587 1.88905e+15 25.8077
1588 1.88786e+15 25.7974
1589 1.88667e+15 25.787
1590 1.88549e+15 25.7767
1591 1.8843e+15 25.7664
1592 1.88312e+15 25.756
1593 1.88194e+15 25.7457
1594 1.88076e+15 25.7353
1595 1.87958e+15 25.725
1596 1.8784e+15 25.7147
1597 1.87722e+15 25.7043
1598 1.87605e+15 25.694
1599 1.87487e+15 25.6836
1600 1.8737e+15 25.6733
1601 1.87253e+15 25.663
1602 1.87136e+15 25.6526
1603 1.8702e+15 25.6423
1604 1.86903e+15 25.632
1605 1.86787e+15 25.6217
1606 1.8667e+15 25.6113
1607 1.86554e+15 25.601
1608 1.86438e+15 25.5907
1609 1.86322e+15 25.5803
1610 1.86206e+15 25.57
1611 1.86091e+15 25.329
1612 1.85975e+15 25.088
1613 1.8586e+15 24.847
1614 1.85745e+15 24.606
1615 1.8563e+15 24.365
1616 1.85515e+15 24.124
1617 1.854e+15 23.883
1618 1.85286e+15 23.642
1619 1.85171e+15 23.401
1620 1.85057e+15 23.16
1621 1.84943e+15 22.919
1622 1.84829e+15 22.678
1623 1.84715e+15 22.437
1624 1.84601e+15 22.196
1625 1.84488e+15 21.955
1626 1.84374e+15 21.714
1627 1.84261e+15 21.473
1628 1.84148e+15 21.232
1629 1.84035e+15 20.991
1630 1.83922e+15 20.75
1631 1.83809e+15 20.509
1632 1.83696e+15 20.268
1633 1.83584e+15 20.027
1634 1.83472e+15 19.786
1635 1.83359e+15 19.545
1636 1.83247e+15 19.304
1637 1.83135e+15 19.063
1638 1.83023e+15 18.822
1639 1.82912e+15 18.581
1640 1.828e+15 18.34
1641 1.82689e+15 18.099
1642 1.82578e+15 17.858
1643 1.82466e+15 17.617
1644 1.82356e+15 17.376
1645 1.82245e+15 17.135
1646 1.82134e+15 16.894
1647 1.82023e+15 16.653
1648 1.81913e+15 16.412
1649 1.81803e+15 16.171
1650 1.81692e+15 15.93
1651 1.81582e+15 15.8554
1652 1.81472e+15 15.7808
1653 1.81363e+15 15.7062
1654 1.81253e+15 15.6316
1655 1.81143e+15 15.557
1656 1.81034e+15 15.4824
1657 1.80925e+15 15.4078
1658 1.80816e+15 15.3332
1659 1.80707e+15 15.2586
1660 1.80598e+15 15.184
1661 1.80489e+15 15.1094
1662 1.80381e+15 15.0348
1663 1.80272e+15 14.9602
1664 1.80164e+15 14.8856
1665 1.80056e+15 14.811
1666 1.79947e+15 14.7364
1667 1.7984e+15 14.6618
1668 1.79732e+15 14.5872
1669 1.79624e+15 14.5126
1670 1.79516e+15 14.438
1671 1.79409e+15 14.3634
1672 1.79302e+15 14.2888
1673 1.79195e+15 14.2142
1674 1.79087e+15 14.1396
1675 1.78981e+15 14.065
1676 1.78874e+15 13.9904
1677 1.78767e+15 13.9158
1678 1.78661e+15 13.8412
1679 1.78554e+15 13.7666
1680 1.78448e+15 13.692
1681 1.78342e+15 13.6174
1682 1.78236e+15 13.5428
1683 1.7813e+15 13.4682
1684 1.78024e+15 13.3936
1685 1.77918e+15 13.319
1686 1.77813e+15 13.2444
1687 1.77707e+15 13.1698
1688 1.77602e+15 13.0952
1689 1.77497e+15 13.0206
1690 1.77392e+15 12.946
1691 1.77287e+15 12.8714
1692 1.77182e+15 12.7968
1693 1.77078e+15 12.7222
1694 1.76973e+15 12.6476
1695 1.76869e+15 12.573
1696 1.76764e+15 12.4984
1697 1.7666e+15 12.4238
1698 1.76556e+15 12.3492
1699 1.76452e+15 12.2746
1700 1.76349e+15 12.2
1701 1.76245e+15 12.167
1702 1.76141e+15 12.134
1703 1.76038e+15 12.101
1704 1.75935e+15 12.068
1705 1.75831e+15 12.035
1706 1.75728e+15 12.002
1707 1.75625e+15 11.969
1708 1.75523e+15 11.936
1709 1.7542e+15 11.903
1710 1.75317e+15 11.87
1711 1.75215e+15 11.837
1712 1.75112e+15 11.804
1713 1.7501e+15 11.771
1714 1.74908e+15 11.738
1715 1.74806e+15 11.705
1716 1.74704e+15 11.672
1717 1.74602e+15 11.639
1718 1.74501e+15 11.606
1719 1.74399e+15 11.573
1720 1.74298e+15 11.54
1721 1.74197e+15 11.507
1722 1.74096e+15 11.474
1723 1.73994e+15 11.441
1724 1.73894e+15 11.408
1725 1.73793e+15 11.375
1726 1.73692e+15 11.342
1727 1.73591e+15 11.309
1728 1.73491e+15 11.276
1729 1.73391e+15 11.243
1730 1.7329e+15 11.21
1731 1.7319e+15 11.177
1732 1.7309e+15 11.144
1733 1.7299e+15 11.111
1734 1.72891e+15 11.078
1735 1.72791e+15 11.045
1736 1.72692e+15 11.012
1737 1.72592e+15 10.979
1738 1.72493e+15 10.946
1739 1.72394e+15 10.913
1740 1.72295e+15 10.88
1741 1.72196e+15 10.847
1742 1.72097e+15 10.814
1743 1.71998e+15 10.781
1744 1.71899e+15 10.748
1745 1.71801e+15 10.715
1746 1.71702e+15 10.682
1747 1.71604e+15 10.649
1748 1.71506e+15 10.616
1749 1.71408e+15 10.583
1750 1.7131e+15 10.55
1751 1.71212e+15 10.3596
1752 1.71114e+15 10.1692
1753 1.71017e+15 9.9788
1754 1.70919e+15 9.7884
1755 1.70822e+15 9.598
1756 1.70725e+15 9.4076
1757 1.70627e+15 9.2172
1758 1.7053e+15 9.0268
1759 1.70433e+15 8.8364
1760 1.70337e+15 8.646
1761 1.7024e+15 8.4556
1762 1.70143e+15 8.2652
1763 1.70047e+15 8.0748
1764 1.6995e+15 7.8844
1765 1.69854e+15 7.694
1766 1.69758e+15 7.5036
1767 1.69662e+15 7.3132
1768 1.69566e+15 7.1228
1769 1.6947e+15 6.9324
1770 1.69374e+15 6.742
1771 1.69279e+15 6.5516
1772 1.69183e+15 6.3612
1773 1.69088e+15 6.1708
1774 1.68992e+15 5.9804
1775 1.68897e+15 5.79
1776 1.68802e+15 5.5996
1777 1.68707e+15 5.4092
1778 1.68612e+15 5.2188
1779 1.68517e+15 5.0284
1780 1.68423e+15 4.838
1781 1.68328e+15 4.6476
1782 1.68234e+15 4.4572
1783 1.68139e+15 4.2668
1784 1.68045e+15 4.0764
1785 1.67951e+15 3.886
1786 1.67857e+15 3.6956
1787 1.67763e+15 3.5052
1788 1.67669e+15 3.3148
1789 1.67575e+15 3.1244
1790 1.67482e+15 2.934
1791 1.67388e+15 2.7436
1792 1.67295e+15 2.5532
1793 1.67202e+15 2.3628
1794 1.67108e+15 2.1724
1795 1.67015e+15 1.982
1796 1.66922e+15 1.7916
1797 1.66829e+15 1.6012
1798 1.66737e+15 1.4108
1799 1.66644e+15 1.2204
1800 1.66551e+15 1.03
1801 1.66459e+15 0.927
1802 1.66367e+15 0.824
1803 1.66274e+15 0.721
1804 1.66182e+15 0.618
1805 1.6609e+15 0.515
1806 1.65998e+15 0.412
1807 1.65906e+15 0.309
1808 1.65814e+15 0.206
1809 1.65723e+15 0.103
1810 1.65631e+15 0