1691 1.77287e+15 0.00245
1692 1.77182e+15 0.0049
1693 1.77078e+15 0.00735
1694 1.76973e+15 0.0098
1695 1.76869e+15 0.01225
1696 1.76764e+15 0.0147
1697 1.7666e+15 0.01715
1698 1.76556e+15 0.0196
1699 1.76452e+15 0.02205
1700 1.76349e+15 0.0245
1701 1.76245e+15 0.024676
1702 1.76141e+15 0.024852
1703 1.76038e+15 0.025028
1704 1.75935e+15 0.025204
1705 1.75831e+15 0.02538
1706 1.75728e+15 0.025556
1707 1.75625e+15 0.025732
1708 1.75523e+15 0.025908
1709 1.7542e+15 0.026084
1710 1.75317e+15 0.02626
1711 1.75215e+15 0.026436
1712 1.75112e+15 0.026612
1713 1.7501e+15 0.026788
1714 1.74908e+15 0.026964
1715 1.74806e+15 0.02714
1716 1.74704e+15 0.027316
1717 1.74602e+15 0.027492
1718 1.74501e+15 0.027668
1719 1.74399e+15 0.027844
1720 1.74298e+15 0.02802
1721 1.74197e+15 0.028196
1722 1.74096e+15 0.028372
1723 1.73994e+15 0.028548
1724 1.73894e+15 0.028724
1725 1.73793e+15 0.0289
1726 1.73692e+15 0.029076
1727 1.73591e+15 0.029252
1728 1.73491e+15 0.029428
1729 1.73391e+15 0.029604
1730 1.7329e+15 0.02978
1731 1.7319e+15 0.029956
1732 1.7309e+15 0.030132
1733 1.7299e+15 0.030308
1734 1.72891e+15 0.030484
1735 1.72791e+15 0.03066
1736 1.72692e+15 0.030836
1737 1.72592e+15 0.031012
1738 1.72493e+15 0.031188
1739 1.72394e+15 0.031364
1740 1.72295e+15 0.03154
1741 1.72196e+15 0.031716
1742 1.72097e+15 0.031892
1743 1.71998e+15 0.032068
1744 1.71899e+15 0.032244
1745 1.71801e+15 0.03242
1746 1.71702e+15 0.032596
1747 1.71604e+15 0.032772
1748 1.71506e+15 0.032948
1749 1.71408e+15 0.033124
1750 1.7131e+15 0.0333
1751 1.71212e+15 0.034672
1752 1.71114e+15 0.036044
1753 1.71017e+15 0.037416
1754 1.70919e+15 0.038788
1755 1.70822e+15 0.04016
1756 1.70725e+15 0.041532
1757 1.70627e+15 0.042904
1758 1.7053e+15 0.044276
1759 1.70433e+15 0.045648
1760 1.70337e+15 0.04702
1761 1.7024e+15 0.048392
1762 1.70143e+15 0.049764
1763 1.70047e+15 0.051136
1764 1.6995e+15 0.052508
1765 1.69854e+15 0.05388
1766 1.69758e+15 0.055252
1767 1.69662e+15 0.056624
1768 1.69566e+15 0.057996
1769 1.6947e+15 0.059368
1770 1.69374e+15 0.06074
1771 1.69279e+15 0.062112
1772 1.69183e+15 0.063484
1773 1.69088e+15 0.064856
1774 1.68992e+15 0.066228
1775 1.68897e+15 0.0676
1776 1.68802e+15 0.068972
1777 1.68707e+15 0.070344
1778 1.68612e+15 0.071716
1779 1.68517e+15 0.073088
1780 1.68423e+15 0.07446
1781 1.68328e+15 0.075832
1782 1.68234e+15 0.077204
1783 1.68139e+15 0.078576
1784 1.68045e+15 0.079948
1785 1.67951e+15 0.08132
1786 1.67857e+15 0.082692
1787 1.67763e+15 0.084064
1788 1.67669e+15 0.085436
1789 1.67575e+15 0.086808
1790 1.67482e+15 0.08818
1791 1.67388e+15 0.089552
1792 1.67295e+15 0.090924
1793 1.67202e+15 0.092296
1794 1.67108e+15 0.093668
1795 1.67015e+15 0.09504
1796 1.66922e+15 0.096412
1797 1.66829e+15 0.097784
1798 1.66737e+15 0.099156
1799 1.66644e+15 0.100528
1800 1.66551e+15 0.1019
1801 1.66459e+15 0.10338
1802 1.66367e+15 0.10486
1803 1.66274e+15 0.10634
1804 1.66182e+15 0.10782
1805 1.6609e+15 0.1093
1806 1.65998e+15 0.11078
1807 1.65906e+15 0.11226
1808 1.65814e+15 0.11374
1809 1.65723e+15 0.11522
1810 1.65631e+15 0.1167
1811 1.6554e+15 0.11818
1812 1.65448e+15 0.11966
1813 1.65357e+15 0.12114
1814 1.65266e+15 0.12262
1815 1.65175e+15 0.1241
1816 1.65084e+15 0.12558
1817 1.64993e+15 0.12706
1818 1.64902e+15 0.12854
1819 1.64812e+15 0.13002
1820 1.64721e+15 0.1315
1821 1.64631e+15 0.13298
1822 1.6454e+15 0.13446
1823 1.6445e+15 0.13594
1824 1.6436e+15 0.13742
1825 1.6427e+15 0.1389
1826 1.6418e+15 0.14038
1827 1.6409e+15 0.14186
1828 1.64e+15 0.14334
1829 1.63911e+15 0.14482
1830 1.63821e+15 0.1463
1831 1.63732e+15 0.14778
1832 1.63642e+15 0.14926
1833 1.63553e+15 0.15074
1834 1.63464e+15 0.15222
1835 1.63375e+15 0.1537
1836 1.63286e+15 0.15518
1837 1.63197e+15 0.15666
1838 1.63108e+15 0.15814
1839 1.63019e+15 0.15962
1840 1.62931e+15 0.1611
1841 1.62842e+15 0.16258
1842 1.62754e+15 0.16406
1843 1.62665e+15 0.16554
1844 1.62577e+15 0.16702
1845 1.62489e+15 0.1685
1846 1.62401e+15 0.16998
1847 1.62313e+15 0.17146
1848 1.62225e+15 0.17294
1849 1.62138e+15 0.17442
1850 1.6205e+15 0.1759
1851 1.61962e+15 0.17772
1852 1.61875e+15 0.17954
1853 1.61788e+15 0.18136
1854 1.617e+15 0.18318
1855 1.61613e+15 0.185
1856 1.61526e+15 0.18682
1857 1.61439e+15 0.18864
1858 1.61352e+15 0.19046
1859 1.61265e+15 0.19228
1860 1.61179e+15 0.1941
1861 1.61092e+15 0.19592
1862 1.61006e+15 0.19774
1863 1.60919e+15 0.19956
1864 1.60833e+15 0.20138
1865 1.60747e+15 0.2032
1866 1.6066e+15 0.20502
1867 1.60574e+15 0.20684
1868 1.60488e+15 0.20866
1869 1.60403e+15 0.21048
1870 1.60317e+15 0.2123
1871 1.60231e+15 0.21412
1872 1.60146e+15 0.21594
1873 1.6006e+15 0.21776
1874 1.59975e+15 0.21958
1875 1.59889e+15 0.2214
1876 1.59804e+15 0.22322
1877 1.59719e+15 0.22504
1878 1.59634e+15 0.22686
1879 1.59549e+15 0.22868
1880 1.59464e+15 0.2305
1881 1.59379e+15 0.23232
1882 1.59295e+15 0.23414
1883 1.5921e+15 0.23596
1884 1.59126e+15 0.23778
1885 1.59041e+15 0.2396
1886 1.58957e+15 0.24142
1887 1.58873e+15 0.24324
1888 1.58788e+15 0.24506
1889 1.58704e+15 0.24688
1890 1.5862e+15 0.2487
1891 1.58536e+15 0.25052
1892 1.58453e+15 0.25234
1893 1.58369e+15 0.25416
1894 1.58285e+15 0.25598
1895 1.58202e+15 0.2578
1896 1.58118e+15 0.25962
1897 1.58035e+15 0.26144
1898 1.57952e+15 0.26326
1899 1.57869e+15 0.26508
1900 1.57786e+15 0.2669
1901 1.57703e+15 0.268236
1902 1.5762e+15 0.269572
1903 1.57537e+15 0.270908
1904 1.57454e+15 0.272244
1905 1.57371e+15 0.27358
1906 1.57289e+15 0.274916
1907 1.57206e+15 0.276252
1908 1.57124e+15 0.277588
1909 1.57042e+15 0.278924
1910 1.56959e+15 0.28026
1911 1.56877e+15 0.281596
1912 1.56795e+15 0.282932
1913 1.56713e+15 0.284268
1914 1.56631e+15 0.285604
1915 1.5655e+15 0.28694
1916 1.56468e+15 0.288276
1917 1.56386e+15 0.289612
1918 1.56305e+15 0.290948
1919 1.56223e+15 0.292284
1920 1.56142e+15 0.29362
1921 1.56061e+15 0.294956
1922 1.55979e+15 0.296292
1923 1.55898e+15 0.297628
1924 1.55817e+15 0.298964
1925 1.55736e+15 0.3003
1926 1.55655e+15 0.301636
1927 1.55575e+15 0.302972
1928 1.55494e+15 0.304308
1929 1.55413e+15 0.305644
1930 1.55333e+15 0.30698
1931 1.55252e+15 0.308316
1932 1.55172e+15 0.309652
1933 1.55092e+15 0.310988
1934 1.55012e+15 0.312324
1935 1.54932e+15 0.31366
1936 1.54851e+15 0.314996
1937 1.54772e+15 0.316332
1938 1.54692e+15 0.317668
1939 1.54612e+15 0.319004
1940 1.54532e+15 0.32034
1941 1.54453e+15 0.321676
1942 1.54373e+15 0.323012
1943 1.54294e+15 0.324348
1944 1.54214e+15 0.325684
1945 1.54135e+15 0.32702
1946 1.54056e+15 0.328356
1947 1.53977e+15 0.329692
1948 1.53898e+15 0.331028
1949 1.53819e+15 0.332364
1950 1.5374e+15 0.3337
1951 1.53661e+15 0.336012
1952 1.53582e+15 0.338324
1953 1.53504e+15 0.340636
1954 1.53425e+15 0.342948
1955 1.53347e+15 0.34526
1956 1.53268e+15 0.347572
1957 1.5319e+15 0.349884
1958 1.53112e+15 0.352196
1959 1.53033e+15 0.354508
1960 1.52955e+15 0.35682
1961 1.52877e+15 0.359132
1962 1.52799e+15 0.361444
1963 1.52722e+15 0.363756
1964 1.52644e+15 0.366068
1965 1.52566e+15 0.36838
1966 1.52489e+15 0.370692
1967 1.52411e+15 0.373004
1968 1.52334e+15 0.375316
1969 1.52256e+15 0.377628
1970 1.52179e+15 0.37994
1971 1.52102e+15 0.382252
1972 1.52025e+15 0.384564
1973 1.51948e+15 0.386876
1974 1.51871e+15 0.389188
1975 1.51794e+15 0.3915
1976 1.51717e+15 0.393812
1977 1.5164e+15 0.396124
1978 1.51563e+15 0.398436
1979 1.51487e+15 0.400748
1980 1.5141e+15 0.40306
1981 1.51334e+15 0.405372
1982 1.51258e+15 0.407684
1983 1.51181e+15 0.409996
1984 1.51105e+15 0.412308
1985 1.51029e+15 0.41462
1986 1.50953e+15 0.416932
1987 1.50877e+15 0.419244
1988 1.50801e+15 0.421556
1989 1.50725e+15 0.423868
1990 1.50649e+15 0.42618
1991 1.50574e+15 0.428492
1992 1.50498e+15 0.430804
1993 1.50423e+15 0.433116
1994 1.50347e+15 0.435428
1995 1.50272e+15 0.43774
1996 1.50197e+15 0.440052
1997 1.50121e+15 0.442364
1998 1.50046e+15 0.444676
1999 1.49971e+15 0.446988
2000 1.49896e+15 0.4493
2001 1.49821e+15 0.449736
2002 1.49746e+15 0.450172
2003 1.49672e+15 0.450608
2004 1.49597e+15 0.451044
2005 1.49522e+15 0.45148
2006 1.49448e+15 0.451916
2007 1.49373e+15 0.452352
2008 1.49299e+15 0.452788
2009 1.49225e+15 0.453224
2010 1.4915e+15 0.45366
2011 1.49076e+15 0.454096
2012 1.49002e+15 0.454532
2013 1.48928e+15 0.454968
2014 1.48854e+15 0.455404
2015 1.4878e+15 0.45584
2016 1.48707e+15 0.456276
2017 1.48633e+15 0.456712
2018 1.48559e+15 0.457148
2019 1.48486e+15 0.457584
2020 1.48412e+15 0.45802
2021 1.48339e+15 0.458456
2022 1.48265e+15 0.458892
2023 1.48192e+15 0.459328
2024 1.48119e+15 0.459764
2025 1.48046e+15 0.4602
2026 1.47973e+15 0.460636
2027 1.479e+15 0.461072
2028 1.47827e+15 0.461508
2029 1.47754e+15 0.461944
2030 1.47681e+15 0.46238
2031 1.47608e+15 0.462816
2032 1.47536e+15 0.463252
2033 1.47463e+15 0.463688
2034 1.47391e+15 0.464124
2035 1.47318e+15 0.46456
2036 1.47246e+15 0.464996
2037 1.47174e+15 0.465432
2038 1.47101e+15 0.465868
2039 1.47029e+15 0.466304
2040 1.46957e+15 0.46674
2041 1.46885e+15 0.467176
2042 1.46813e+15 0.467612
2043 1.46741e+15 0.468048
2044 1.4667e+15 0.468484
2045 1.46598e+15 0.46892
2046 1.46526e+15 0.469356
2047 1.46455e+15 0.469792
2048 1.46383e+15 0.470228
2049 1.46312e+15 0.470664
2050 1.4624e+15 0.4711
2051 1.46169e+15 0.472198
2052 1.46098e+15 0.473296
2053 1.46027e+15 0.474394
2054 1.45955e+15 0.475492
2055 1.45884e+15 0.47659
2056 1.45813e+15 0.477688
2057 1.45743e+15 0.478786
2058 1.45672e+15 0.479884
2059 1.45601e+15 0.480982
2060 1.4553e+15 0.48208
2061 1.4546e+15 0.483178
2062 1.45389e+15 0.484276
2063 1.45319e+15 0.485374
2064 1.45248e+15 0.486472
2065 1.45178e+15 0.48757
2066 1.45108e+15 0.488668
2067 1.45037e+15 0.489766
2068 1.44967e+15 0.490864
2069 1.44897e+15 0.491962
2070 1.44827e+15 0.49306
2071 1.44757e+15 0.494158
2072 1.44687e+15 0.495256
2073 1.44618e+15 0.496354
2074 1.44548e+15 0.497452
2075 1.44478e+15 0.49855
2076 1.44409e+15 0.499648
2077 1.44339e+15 0.500746
2078 1.4427e+15 0.501844
2079 1.442e+15 0.502942
2080 1.44131e+15 0.50404
2081 1.44062e+15 0.505138
2082 1.43993e+15 0.506236
2083 1.43923e+15 0.507334
2084 1.43854e+15 0.508432
2085 1.43785e+15 0.50953
2086 1.43716e+15 0.510628
2087 1.43648e+15 0.511726
2088 1.43579e+15 0.512824
2089 1.4351e+15 0.513922
2090 1.43441e+15 0.51502
2091 1.43373e+15 0.516118
2092 1.43304e+15 0.517216
2093 1.43236e+15 0.518314
2094 1.43167e+15 0.519412
2095 1.43099e+15 0.52051
2096 1.43031e+15 0.521608
2097 1.42963e+15 0.522706
2098 1.42894e+15 0.523804
2099 1.42826e+15 0.524902
2100 1.42758e+15 0.526
2101 1.4269e+15 0.52738
2102 1.42622e+15 0.52876
2103 1.42555e+15 0.53014
2104 1.42487e+15 0.53152
2105 1.42419e+15 0.5329
2106 1.42352e+15 0.53428
2107 1.42284e+15 0.53566
2108 1.42217e+15 0.53704
2109 1.42149e+15 0.53842
2110 1.42082e+15 0.5398
2111 1.42014e+15 0.54118
2112 1.41947e+15 0.54256
2113 1.4188e+15 0.54394
2114 1.41813e+15 0.54532
2115 1.41746e+15 0.5467
2116 1.41679e+15 0.54808
2117 1.41612e+15 0.54946
2118 1.41545e+15 0.55084
2119 1.41478e+15 0.55222
2120 1.41412e+15 0.5536
2121 1.41345e+15 0.55498
2122 1.41278e+15 0.55636
2123 1.41212e+15 0.55774
2124 1.41145e+15 0.55912
2125 1.41079e+15 0.5605
2126 1.41012e+15 0.56188
2127 1.40946e+15 0.56326
2128 1.4088e+15 0.56464
2129 1.40814e+15 0.56602
2130 1.40748e+15 0.5674
2131 1.40682e+15 0.56878
2132 1.40616e+15 0.57016
2133 1.4055e+15 0.57154
2134 1.40484e+15 0.57292
2135 1.40418e+15 0.5743
2136 1.40352e+15 0.57568
2137 1.40287e+15 0.57706
2138 1.40221e+15 0.57844
2139 1.40155e+15 0.57982
2140 1.4009e+15 0.5812
2141 1.40025e+15 0.58258
2142 1.39959e+15 0.58396
2143 1.39894e+15 0.58534
2144 1.39829e+15 0.58672
2145 1.39763e+15 0.5881
2146 1.39698e+15 0.58948
2147 1.39633e+15 0.59086
2148 1.39568e+15 0.59224
2149 1.39503e+15 0.59362
2150 1.39438e+15 0.595
2151 1.39374e+15 0.595432
2152 1.39309e+15 0.595864
2153 1.39244e+15 0.596296
2154 1.39179e+15 0.596728
2155 1.39115e+15 0.59716
2156 1.3905e+15 0.597592
2157 1.38986e+15 0.598024
2158 1.38921e+15 0.598456
2159 1.38857e+15 0.598888
2160 1.38793e+15 0.59932
2161 1.38729e+15 0.599752
2162 1.38664e+15 0.600184
2163 1.386e+15 0.600616
2164 1.38536e+15 0.601048
2165 1.38472e+15 0.60148
2166 1.38408e+15 0.601912
2167 1.38344e+15 0.602344
2168 1.38281e+15 0.602776
2169 1.38217e+15 0.603208
2170 1.38153e+15 0.60364
2171 1.3809e+15 0.604072
2172 1.38026e+15 0.604504
2173 1.37962e+15 0.604936
2174 1.37899e+15 0.605368
2175 1.37836e+15 0.6058
2176 1.37772e+15 0.606232
2177 1.37709e+15 0.606664
2178 1.37646e+15 0.607096
2179 1.37583e+15 0.607528
2180 1.37519e+15 0.60796
2181 1.37456e+15 0.608392
2182 1.37393e+15 0.608824
2183 1.3733e+15 0.609256
2184 1.37268e+15 0.609688
2185 1.37205e+15 0.61012
2186 1.37142e+15 0.610552
2187 1.37079e+15 0.610984
2188 1.37017e+15 0.611416
2189 1.36954e+15 0.611848
2190 1.36892e+15 0.61228
2191 1.36829e+15 0.612712
2192 1.36767e+15 0.613144
2193 1.36704e+15 0.613576
2194 1.36642e+15 0.614008
2195 1.3658e+15 0.61444
2196 1.36518e+15 0.614872
2197 1.36455e+15 0.615304
2198 1.36393e+15 0.615736
2199 1.36331e+15 0.616168
2200 1.36269e+15 0.6166
2201 1.36207e+15 0.615552
2202 1.36146e+15 0.614504
2203 1.36084e+15 0.613456
2204 1.36022e+15 0.612408
2205 1.3596e+15 0.61136
2206 1.35899e+15 0.610312
2207 1.35837e+15 0.609264
2208 1.35776e+15 0.608216
2209 1.35714e+15 0.607168
2210 1.35653e+15 0.60612
2211 1.35591e+15 0.605072
2212 1.3553e+15 0.604024
2213 1.35469e+15 0.602976
2214 1.35408e+15 0.601928
2215 1.35346e+15 0.60088
2216 1.35285e+15 0.599832
2217 1.35224e+15 0.598784
2218 1.35163e+15 0.597736
2219 1.35103e+15 0.596688
2220 1.35042e+15 0.59564
2221 1.34981e+15 0.594592
2222 1.3492e+15 0.593544
2223 1.34859e+15 0.592496
2224 1.34799e+15 0.591448
2225 1.34738e+15 0.5904
2226 1.34678e+15 0.589352
2227 1.34617e+15 0.588304
2228 1.34557e+15 0.587256
2229 1.34496e+15 0.586208
2230 1.34436e+15 0.58516
2231 1.34376e+15 0.584112
2232 1.34316e+15 0.583064
2233 1.34255e+15 0.582016
2234 1.34195e+15 0.580968
2235 1.34135e+15 0.57992
2236 1.34075e+15 0.578872
2237 1.34015e+15 0.577824
2238 1.33956e+15 0.576776
2239 1.33896e+15 0.575728
2240 1.33836e+15 0.57468
2241 1.33776e+15 0.573632
2242 1.33717e+15 0.572584
2243 1.33657e+15 0.571536
2244 1.33597e+15 0.570488
2245 1.33538e+15 0.56944
2246 1.33478e+15 0.568392
2247 1.33419e+15 0.567344
2248 1.3336e+15 0.566296
2249 1.333e+15 0.565248
2250 1.33241e+15 0.5642
2251 1.33182e+15 0.563528
2252 1.33123e+15 0.562856
2253 1.33064e+15 0.562184
2254 1.33005e+15 0.561512
2255 1.32946e+15 0.56084
2256 1.32887e+15 0.560168
2257 1.32828e+15 0.559496
2258 1.32769e+15 0.558824
2259 1.3271e+15 0.558152
2260 1.32652e+15 0.55748
2261 1.32593e+15 0.556808
2262 1.32534e+15 0.556136
2263 1.32476e+15 0.555464
2264 1.32417e+15 0.554792
2265 1.32359e+15 0.55412
2266 1.323e+15 0.553448
2267 1.32242e+15 0.552776
2268 1.32184e+15 0.552104
2269 1.32125e+15 0.551432
2270 1.32067e+15 0.55076
2271 1.32009e+15 0.550088
2272 1.31951e+15 0.549416
2273 1.31893e+15 0.548744
2274 1.31835e+15 0.548072
2275 1.31777e+15 0.5474
2276 1.31719e+15 0.546728
2277 1.31661e+15 0.546056
2278 1.31603e+15 0.545384
2279 1.31546e+15 0.544712
2280 1.31488e+15 0.54404
2281 1.3143e+15 0.543368
2282 1.31373e+15 0.542696
2283 1.31315e+15 0.542024
2284 1.31258e+15 0.541352
2285 1.312e+15 0.54068
2286 1.31143e+15 0.540008
2287 1.31085e+15 0.539336
2288 1.31028e+15 0.538664
2289 1.30971e+15 0.537992
2290 1.30914e+15 0.53732
2291 1.30857e+15 0.536648
2292 1.308e+15 0.535976
2293 1.30742e+15 0.535304
2294 1.30685e+15 0.534632
2295 1.30629e+15 0.53396
2296 1.30572e+15 0.533288
2297 1.30515e+15 0.532616
2298 1.30458e+15 0.531944
2299 1.30401e+15 0.531272
2300 1.30345e+15 0.5306
2301 1.30288e+15 0.529518
2302 1.30231e+15 0.528436
2303 1.30175e+15 0.527354
2304 1.30118e+15 0.526272
2305 1.30062e+15 0.52519
2306 1.30005e+15 0.524108
2307 1.29949e+15 0.523026
2308 1.29893e+15 0.521944
2309 1.29836e+15 0.520862
2310 1.2978e+15 0.51978
2311 1.29724e+15 0.518698
2312 1.29668e+15 0.517616
2313 1.29612e+15 0.516534
2314 1.29556e+15 0.515452
2315 1.295e+15 0.51437
2316 1.29444e+15 0.513288
2317 1.29388e+15 0.512206
2318 1.29332e+15 0.511124
2319 1.29277e+15 0.510042
2320 1.29221e+15 0.50896
2321 1.29165e+15 0.507878
2322 1.2911e+15 0.506796
2323 1.29054e+15 0.505714
2324 1.28998e+15 0.504632
2325 1.28943e+15 0.50355
2326 1.28888e+15 0.502468
2327 1.28832e+15 0.501386
2328 1.28777e+15 0.500304
2329 1.28722e+15 0.499222
2330 1.28666e+15 0.49814
2331 1.28611e+15 0.497058
2332 1.28556e+15 0.495976
2333 1.28501e+15 0.494894
2334 1.28446e+15 0.493812
2335 1.28391e+15 0.49273
2336 1.28336e+15 0.491648
2337 1.28281e+15 0.490566
2338 1.28226e+15 0.489484
2339 1.28171e+15 0.488402
2340 1.28116e+15 0.48732
2341 1.28062e+15 0.486238
2342 1.28007e+15 0.485156
2343 1.27952e+15 0.484074
2344 1.27898e+15 0.482992
2345 1.27843e+15 0.48191
2346 1.27789e+15 0.480828
2347 1.27734e+15 0.479746
2348 1.2768e+15 0.478664
2349 1.27626e+15 0.477582
2350 1.27571e+15 0.4765
2351 1.27517e+15 0.477116
2352 1.27463e+15 0.477732
2353 1.27409e+15 0.478348
2354 1.27354e+15 0.478964
2355 1.273e+15 0.47958
2356 1.27246e+15 0.480196
2357 1.27192e+15 0.480812
2358 1.27138e+15 0.481428
2359 1.27085e+15 0.482044
2360 1.27031e+15 0.48266
2361 1.26977e+15 0.483276
2362 1.26923e+15 0.483892
2363 1.26869e+15 0.484508
2364 1.26816e+15 0.485124
2365 1.26762e+15 0.48574
2366 1.26709e+15 0.486356
2367 1.26655e+15 0.486972
2368 1.26602e+15 0.487588
2369 1.26548e+15 0.488204
2370 1.26495e+15 0.48882
2371 1.26441e+15 0.489436
2372 1.26388e+15 0.490052
2373 1.26335e+15 0.490668
2374 1.26282e+15 0.491284
2375 1.26228e+15 0.4919
2376 1.26175e+15 0.492516
2377 1.26122e+15 0.493132
2378 1.26069e+15 0.493748
2379 1.26016e+15 0.494364
2380 1.25963e+15 0.49498
2381 1.2591e+15 0.495596
2382 1.25857e+15 0.496212
2383 1.25805e+15 0.496828
2384 1.25752e+15 0.497444
2385 1.25699e+15 0.49806
2386 1.25646e+15 0.498676
2387 1.25594e+15 0.499292
2388 1.25541e+15 0.499908
2389 1.25489e+15 0.500524
2390 1.25436e+15 0.50114
2391 1.25384e+15 0.501756
2392 1.25331e+15 0.502372
2393 1.25279e+15 0.502988
2394 1.25227e+15 0.503604
2395 1.25174e+15 0.50422
2396 1.25122e+15 0.504836
2397 1.2507e+15 0.505452
2398 1.25018e+15 0.506068
2399 1.24966e+15 0.506684
2400 1.24914e+15 0.5073
2401 1.24861e+15 0.507848
2402 1.2481e+15 0.508396
2403 1.24758e+15 0.508944
2404 1.24706e+15 0.509492
2405 1.24654e+15 0.51004
2406 1.24602e+15 0.510588
2407 1.2455e+15 0.511136
2408 1.24499e+15 0.511684
2409 1.24447e+15 0.512232
2410 1.24395e+15 0.51278
2411 1.24344e+15 0.513328
2412 1.24292e+15 0.513876
2413 1.24241e+15 0.514424
2414 1.24189e+15 0.514972
2415 1.24138e+15 0.51552
2416 1.24086e+15 0.516068
2417 1.24035e+15 0.516616
2418 1.23984e+15 0.517164
2419 1.23932e+15 0.517712
2420 1.23881e+15 0.51826
2421 1.2383e+15 0.518808
2422 1.23779e+15 0.519356
2423 1.23728e+15 0.519904
2424 1.23677e+15 0.520452
2425 1.23626e+15 0.521
2426 1.23575e+15 0.521548
2427 1.23524e+15 0.522096
2428 1.23473e+15 0.522644
2429 1.23422e+15 0.523192
2430 1.23371e+15 0.52374
2431 1.23321e+15 0.524288
2432 1.2327e+15 0.524836
2433 1.23219e+15 0.525384
2434 1.23169e+15 0.525932
2435 1.23118e+15 0.52648
2436 1.23068e+15 0.527028
2437 1.23017e+15 0.527576
2438 1.22967e+15 0.528124
2439 1.22916e+15 0.528672
2440 1.22866e+15 0.52922
2441 1.22815e+15 0.529768
2442 1.22765e+15 0.530316
2443 1.22715e+15 0.530864
2444 1.22665e+15 0.531412
2445 1.22615e+15 0.53196
2446 1.22564e+15 0.532508
2447 1.22514e+15 0.533056
2448 1.22464e+15 0.533604
2449 1.22414e+15 0.534152
2450 1.22364e+15 0.5347
2451 1.22314e+15 0.534508
2452 1.22264e+15 0.534316
2453 1.22215e+15 0.534124
2454 1.22165e+15 0.533932
2455 1.22115e+15 0.53374
2456 1.22065e+15 0.533548
2457 1.22016e+15 0.533356
2458 1.21966e+15 0.533164
2459 1.21916e+15 0.532972
2460 1.21867e+15 0.53278
2461 1.21817e+15 0.532588
2462 1.21768e+15 0.532396
2463 1.21718e+15 0.532204
2464 1.21669e+15 0.532012
2465 1.2162e+15 0.53182
2466 1.2157e+15 0.531628
2467 1.21521e+15 0.531436
2468 1.21472e+15 0.531244
2469 1.21423e+15 0.531052
2470 1.21373e+15 0.53086
2471 1.21324e+15 0.530668
2472 1.21275e+15 0.530476
2473 1.21226e+15 0.530284
2474 1.21177e+15 0.530092
2475 1.21128e+15 0.5299
2476 1.21079e+15 0.529708
2477 1.2103e+15 0.529516
2478 1.20982e+15 0.529324
2479 1.20933e+15 0.529132
2480 1.20884e+15 0.52894
2481 1.20835e+15 0.528748
2482 1.20787e+15 0.528556
2483 1.20738e+15 0.528364
2484 1.20689e+15 0.528172
2485 1.20641e+15 0.52798
2486 1.20592e+15 0.527788
2487 1.20544e+15 0.527596
2488 1.20495e+15 0.527404
2489 1.20447e+15 0.527212
2490 1.20399e+15 0.52702
2491 1.2035e+15 0.526828
2492 1.20302e+15 0.526636
2493 1.20254e+15 0.526444
2494 1.20205e+15 0.526252
2495 1.20157e+15 0.52606
2496 1.20109e+15 0.525868
2497 1.20061e+15 0.525676
2498 1.20013e+15 0.525484
2499 1.19965e+15 0.525292
2500 1.19917e+15 0.5251
2501 1.19869e+15 0.524924
2502 1.19821e+15 0.524748
2503 1.19773e+15 0.524572
2504 1.19725e+15 0.524396
2505 1.19678e+15 0.52422
2506 1.1963e+15 0.524044
2507 1.19582e+15 0.523868
2508 1.19534e+15 0.523692
2509 1.19487e+15 0.523516
2510 1.19439e+15 0.52334
2511 1.19392e+15 0.523164
2512 1.19344e+15 0.522988
2513 1.19297e+15 0.522812
2514 1.19249e+15 0.522636
2515 1.19202e+15 0.52246
2516 1.19154e+15 0.522284
2517 1.19107e+15 0.522108
2518 1.1906e+15 0.521932
2519 1.19012e+15 0.521756
2520 1.18965e+15 0.52158
2521 1.18918e+15 0.521404
2522 1.18871e+15 0.521228
2523 1.18824e+15 0.521052
2524 1.18777e+15 0.520876
2525 1.1873e+15 0.5207
2526 1.18683e+15 0.520524
2527 1.18636e+15 0.520348
2528 1.18589e+15 0.520172
2529 1.18542e+15 0.519996
2530 1.18495e+15 0.51982
2531 1.18448e+15 0.519644
2532 1.18401e+15 0.519468
2533 1.18355e+15 0.519292
2534 1.18308e+15 0.519116
2535 1.18261e+15 0.51894
2536 1.18215e+15 0.518764
2537 1.18168e+15 0.518588
2538 1.18122e+15 0.518412
2539 1.18075e+15 0.518236
2540 1.18029e+15 0.51806
2541 1.17982e+15 0.517884
2542 1.17936e+15 0.517708
2543 1.17889e+15 0.517532
2544 1.17843e+15 0.517356
2545 1.17797e+15 0.51718
2546 1.1775e+15 0.517004
2547 1.17704e+15 0.516828
2548 1.17658e+15 0.516652
2549 1.17612e+15 0.516476
2550 1.17566e+15 0.5163
2551 1.1752e+15 0.515988
2552 1.17474e+15 0.515676
2553 1.17428e+15 0.515364
2554 1.17382e+15 0.515052
2555 1.17336e+15 0.51474
2556 1.1729e+15 0.514428
2557 1.17244e+15 0.514116
2558 1.17198e+15 0.513804
2559 1.17152e+15 0.513492
2560 1.17106e+15 0.51318
2561 1.17061e+15 0.512868
2562 1.17015e+15 0.512556
2563 1.16969e+15 0.512244
2564 1.16924e+15 0.511932
2565 1.16878e+15 0.51162
2566 1.16833e+15 0.511308
2567 1.16787e+15 0.510996
2568 1.16742e+15 0.510684
2569 1.16696e+15 0.510372
2570 1.16651e+15 0.51006
2571 1.16605e+15 0.509748
2572 1.1656e+15 0.509436
2573 1.16515e+15 0.509124
2574 1.16469e+15 0.508812
2575 1.16424e+15 0.5085
2576 1.16379e+15 0.508188
2577 1.16334e+15 0.507876
2578 1.16289e+15 0.507564
2579 1.16244e+15 0.507252
2580 1.16199e+15 0.50694
2581 1.16154e+15 0.506628
2582 1.16109e+15 0.506316
2583 1.16064e+15 0.506004
2584 1.16019e+15 0.505692
2585 1.15974e+15 0.50538
2586 1.15929e+15 0.505068
2587 1.15884e+15 0.504756
2588 1.15839e+15 0.504444
2589 1.15795e+15 0.504132
2590 1.1575e+15 0.50382
2591 1.15705e+15 0.503508
2592 1.15661e+15 0.503196
2593 1.15616e+15 0.502884
2594 1.15571e+15 0.502572
2595 1.15527e+15 0.50226
2596 1.15482e+15 0.501948
2597 1.15438e+15 0.501636
2598 1.15394e+15 0.501324
2599 1.15349e+15 0.501012
2600 1.15305e+15 0.5007
2601 1.1526e+15 0.499824
2602 1.15216e+15 0.498948
2603 1.15172e+15 0.498072
2604 1.15128e+15 0.497196
2605 1.15083e+15 0.49632
2606 1.15039e+15 0.495444
2607 1.14995e+15 0.494568
2608 1.14951e+15 0.493692
2609 1.14907e+15 0.492816
2610 1.14863e+15 0.49194
2611 1.14819e+15 0.491064
2612 1.14775e+15 0.490188
2613 1.14731e+15 0.489312
2614 1.14687e+15 0.488436
2615 1.14643e+15 0.48756
2616 1.146e+15 0.486684
2617 1.14556e+15 0.485808
2618 1.14512e+15 0.484932
2619 1.14468e+15 0.484056
2620 1.14425e+15 0.48318
2621 1.14381e+15 0.482304
2622 1.14337e+15 0.481428
2623 1.14294e+15 0.480552
2624 1.1425e+15 0.479676
2625 1.14207e+15 0.4788
2626 1.14163e+15 0.477924
2627 1.1412e+15 0.477048
2628 1.14076e+15 0.476172
2629 1.14033e+15 0.475296
2630 1.1399e+15 0.47442
2631 1.13946e+15 0.473544
2632 1.13903e+15 0.472668
2633 1.1386e+15 0.471792
2634 1.13816e+15 0.470916
2635 1.13773e+15 0.47004
2636 1.1373e+15 0.469164
2637 1.13687e+15 0.468288
2638 1.13644e+15 0.467412
2639 1.13601e+15 0.466536
2640 1.13558e+15 0.46566
2641 1.13515e+15 0.464784
2642 1.13472e+15 0.463908
2643 1.13429e+15 0.463032
2644 1.13386e+15 0.462156
2645 1.13343e+15 0.46128
2646 1.133e+15 0.460404
2647 1.13257e+15 0.459528
2648 1.13215e+15 0.458652
2649 1.13172e+15 0.457776
2650 1.13129e+15 0.4569
2651 1.13087e+15 0.45528
2652 1.13044e+15 0.45366
2653 1.13001e+15 0.45204
2654 1.12959e+15 0.45042
2655 1.12916e+15 0.4488
2656 1.12874e+15 0.44718
2657 1.12831e+15 0.44556
2658 1.12789e+15 0.44394
2659 1.12746e+15 0.44232
2660 1.12704e+15 0.4407
2661 1.12662e+15 0.43908
2662 1.12619e+15 0.43746
2663 1.12577e+15 0.43584
2664 1.12535e+15 0.43422
2665 1.12492e+15 0.4326
2666 1.1245e+15 0.43098
2667 1.12408e+15 0.42936
2668 1.12366e+15 0.42774
2669 1.12324e+15 0.42612
2670 1.12282e+15 0.4245
2671 1.1224e+15 0.42288
2672 1.12198e+15 0.42126
2673 1.12156e+15 0.41964
2674 1.12114e+15 0.41802
2675 1.12072e+15 0.4164
2676 1.1203e+15 0.41478
2677 1.11988e+15 0.41316
2678 1.11946e+15 0.41154
2679 1.11905e+15 0.40992
2680 1.11863e+15 0.4083
2681 1.11821e+15 0.40668
2682 1.11779e+15 0.40506
2683 1.11738e+15 0.40344
2684 1.11696e+15 0.40182
2685 1.11655e+15 0.4002
2686 1.11613e+15 0.39858
2687 1.11571e+15 0.39696
2688 1.1153e+15 0.39534
2689 1.11488e+15 0.39372
2690 1.11447e+15 0.3921
2691 1.11406e+15 0.39048
2692 1.11364e+15 0.38886
2693 1.11323e+15 0.38724
2694 1.11282e+15 0.38562
2695 1.1124e+15 0.384
2696 1.11199e+15 0.38238
2697 1.11158e+15 0.38076
2698 1.11117e+15 0.37914
2699 1.11075e+15 0.37752
2700 1.11034e+15 0.3759
2701 1.10993e+15 0.373362
2702 1.10952e+15 0.370824
2703 1.10911e+15 0.368286
2704 1.1087e+15 0.365748
2705 1.10829e+15 0.36321
2706 1.10788e+15 0.360672
2707 1.10747e+15 0.358134
2708 1.10706e+15 0.355596
2709 1.10665e+15 0.353058
2710 1.10625e+15 0.35052
2711 1.10584e+15 0.347982
2712 1.10543e+15 0.345444
2713 1.10502e+15 0.342906
2714 1.10461e+15 0.340368
2715 1.10421e+15 0.33783
2716 1.1038e+15 0.335292
2717 1.1034e+15 0.332754
2718 1.10299e+15 0.330216
2719 1.10258e+15 0.327678
2720 1.10218e+15 0.32514
2721 1.10177e+15 0.322602
2722 1.10137e+15 0.320064
2723 1.10096e+15 0.317526
2724 1.10056e+15 0.314988
2725 1.10016e+15 0.31245
2726 1.09975e+15 0.309912
2727 1.09935e+15 0.307374
2728 1.09895e+15 0.304836
2729 1.09854e+15 0.302298
2730 1.09814e+15 0.29976
2731 1.09774e+15 0.297222
2732 1.09734e+15 0.294684
2733 1.09694e+15 0.292146
2734 1.09653e+15 0.289608
2735 1.09613e+15 0.28707
2736 1.09573e+15 0.284532
2737 1.09533e+15 0.281994
2738 1.09493e+15 0.279456
2739 1.09453e+15 0.276918
2740 1.09413e+15 0.27438
2741 1.09373e+15 0.271842
2742 1.09334e+15 0.269304
2743 1.09294e+15 0.266766
2744 1.09254e+15 0.264228
2745 1.09214e+15 0.26169
2746 1.09174e+15 0.259152
2747 1.09134e+15 0.256614
2748 1.09095e+15 0.254076
2749 1.09055e+15 0.251538
2750 1.09015e+15 0.249
2751 1.08976e+15 0.246186
2752 1.08936e+15 0.243372
2753 1.08897e+15 0.240558
2754 1.08857e+15 0.237744
2755 1.08818e+15 0.23493
2756 1.08778e+15 0.232116
2757 1.08739e+15 0.229302
2758 1.08699e+15 0.226488
2759 1.0866e+15 0.223674
2760 1.0862e+15 0.22086
2761 1.08581e+15 0.218046
2762 1.08542e+15 0.215232
2763 1.08503e+15 0.212418
2764 1.08463e+15 0.209604
2765 1.08424e+15 0.20679
2766 1.08385e+15 0.203976
2767 1.08346e+15 0.201162
2768 1.08307e+15 0.198348
2769 1.08267e+15 0.195534
2770 1.08228e+15 0.19272
2771 1.08189e+15 0.189906
2772 1.0815e+15 0.187092
2773 1.08111e+15 0.184278
2774 1.08072e+15 0.181464
2775 1.08033e+15 0.17865
2776 1.07994e+15 0.175836
2777 1.07956e+15 0.173022
2778 1.07917e+15 0.170208
2779 1.07878e+15 0.167394
2780 1.07839e+15 0.16458
2781 1.078e+15 0.161766
2782 1.07761e+15 0.158952
2783 1.07723e+15 0.156138
2784 1.07684e+15 0.153324
2785 1.07645e+15 0.15051
2786 1.07607e+15 0.147696
2787 1.07568e+15 0.144882
2788 1.0753e+15 0.142068
2789 1.07491e+15 0.139254
2790 1.07452e+15 0.13644
2791 1.07414e+15 0.133626
2792 1.07376e+15 0.130812
2793 1.07337e+15 0.127998
2794 1.07299e+15 0.125184
2795 1.0726e+15 0.12237
2796 1.07222e+15 0.119556
2797 1.07184e+15 0.116742
2798 1.07145e+15 0.113928
2799 1.07107e+15 0.111114
2800 1.07069e+15 0.1083
2801 1.07031e+15 0.106824
2802 1.06992e+15 0.105348
2803 1.06954e+15 0.103872
2804 1.06916e+15 0.102396
2805 1.06878e+15 0.10092
2806 1.0684e+15 0.099444
2807 1.06802e+15 0.097968
2808 1.06764e+15 0.096492
2809 1.06726e+15 0.095016
2810 1.06688e+15 0.09354
2811 1.0665e+15 0.092064
2812 1.06612e+15 0.090588
2813 1.06574e+15 0.089112
2814 1.06536e+15 0.087636
2815 1.06498e+15 0.08616
2816 1.0646e+15 0.084684
2817 1.06423e+15 0.083208
2818 1.06385e+15 0.081732
2819 1.06347e+15 0.080256
2820 1.06309e+15 0.07878
2821 1.06272e+15 0.077304
2822 1.06234e+15 0.075828
2823 1.06196e+15 0.074352
2824 1.06159e+15 0.072876
2825 1.06121e+15 0.0714
2826 1.06084e+15 0.069924
2827 1.06046e+15 0.068448
2828 1.06009e+15 0.066972
2829 1.05971e+15 0.065496
2830 1.05934e+15 0.06402
2831 1.05896e+15 0.062544
2832 1.05859e+15 0.061068
2833 1.05822e+15 0.059592
2834 1.05784e+15 0.058116
2835 1.05747e+15 0.05664
2836 1.0571e+15 0.055164
2837 1.05672e+15 0.053688
2838 1.05635e+15 0.052212
2839 1.05598e+15 0.050736
2840 1.05561e+15 0.04926
2841 1.05524e+15 0.047784
2842 1.05486e+15 0.046308
2843 1.05449e+15 0.044832
2844 1.05412e+15 0.043356
2845 1.05375e+15 0.04188
2846 1.05338e+15 0.040404
2847 1.05301e+15 0.038928
2848 1.05264e+15 0.037452
2849 1.05227e+15 0.035976
2850 1.0519e+15 0.0345
2851 1.05153e+15 0.03406
2852 1.05117e+15 0.03362
2853 1.0508e+15 0.03318
2854 1.05043e+15 0.03274
2855 1.05006e+15 0.0323
2856 1.04969e+15 0.03186
2857 1.04933e+15 0.03142
2858 1.04896e+15 0.03098
2859 1.04859e+15 0.03054
2860 1.04823e+15 0.0301
2861 1.04786e+15 0.02966
2862 1.04749e+15 0.02922
2863 1.04713e+15 0.02878
2864 1.04676e+15 0.02834
2865 1.0464e+15 0.0279
2866 1.04603e+15 0.02746
2867 1.04567e+15 0.02702
2868 1.0453e+15 0.02658
2869 1.04494e+15 0.02614
2870 1.04457e+15 0.0257
2871 1.04421e+15 0.02526
2872 1.04385e+15 0.02482
2873 1.04348e+15 0.02438
2874 1.04312e+15 0.02394
2875 1.04276e+15 0.0235
2876 1.04239e+15 0.02306
2877 1.04203e+15 0.02262
2878 1.04167e+15 0.02218
2879 1.04131e+15 0.02174
2880 1.04095e+15 0.0213
2881 1.04058e+15 0.02086
2882 1.04022e+15 0.02042
2883 1.03986e+15 0.01998
2884 1.0395e+15 0.01954
2885 1.03914e+15 0.0191
2886 1.03878e+15 0.01866
2887 1.03842e+15 0.01822
2888 1.03806e+15 0.01778
2889 1.0377e+15 0.01734
2890 1.03734e+15 0.0169
2891 1.03699e+15 0.01646
2892 1.03663e+15 0.01602
2893 1.03627e+15 0.01558
2894 1.03591e+15 0.01514
2895 1.03555e+15 0.0147
2896 1.03519e+15 0.01426
2897 1.03484e+15 0.01382
2898 1.03448e+15 0.01338
2899 1.03412e+15 0.01294
2900 1.03377e+15 0.0125
2901 1.03341e+15 0.012522
2902 1.03305e+15 0.012544
2903 1.0327e+15 0.012566
2904 1.03234e+15 0.012588
2905 1.03199e+15 0.01261
2906 1.03163e+15 0.012632
2907 1.03128e+15 0.012654
2908 1.03092e+15 0.012676
2909 1.03057e+15 0.012698
2910 1.03021e+15 0.01272
2911 1.02986e+15 0.012742
2912 1.02951e+15 0.012764
2913 1.02915e+15 0.012786
2914 1.0288e+15 0.012808
2915 1.02845e+15 0.01283
2916 1.02809e+15 0.012852
2917 1.02774e+15 0.012874
2918 1.02739e+15 0.012896
2919 1.02704e+15 0.012918
2920 1.02669e+15 0.01294
2921 1.02634e+15 0.012962
2922 1.02598e+15 0.012984
2923 1.02563e+15 0.013006
2924 1.02528e+15 0.013028
2925 1.02493e+15 0.01305
2926 1.02458e+15 0.013072
2927 1.02423e+15 0.013094
2928 1.02388e+15 0.013116
2929 1.02353e+15 0.013138
2930 1.02318e+15 0.01316
2931 1.02283e+15 0.013182
2932 1.02248e+15 0.013204
2933 1.02214e+15 0.013226
2934 1.02179e+15 0.013248
2935 1.02144e+15 0.01327
2936 1.02109e+15 0.013292
2937 1.02074e+15 0.013314
2938 1.0204e+15 0.013336
2939 1.02005e+15 0.013358
2940 1.0197e+15 0.01338
2941 1.01936e+15 0.013402
2942 1.01901e+15 0.013424
2943 1.01866e+15 0.013446
2944 1.01832e+15 0.013468
2945 1.01797e+15 0.01349
2946 1.01763e+15 0.013512
2947 1.01728e+15 0.013534
2948 1.01694e+15 0.013556
2949 1.01659e+15 0.013578
2950 1.01625e+15 0.0136
2951 1.0159e+15 0.013698
2952 1.01556e+15 0.013796
2953 1.01521e+15 0.013894
2954 1.01487e+15 0.013992
2955 1.01453e+15 0.01409
2956 1.01418e+15 0.014188
2957 1.01384e+15 0.014286
2958 1.0135e+15 0.014384
2959 1.01315e+15 0.014482
2960 1.01281e+15 0.01458
2961 1.01247e+15 0.014678
2962 1.01213e+15 0.014776
2963 1.01179e+15 0.014874
2964 1.01145e+15 0.014972
2965 1.0111e+15 0.01507
2966 1.01076e+15 0.015168
2967 1.01042e+15 0.015266
2968 1.01008e+15 0.015364
2969 1.00974e+15 0.015462
2970 1.0094e+15 0.01556
2971 1.00906e+15 0.015658
2972 1.00872e+15 0.015756
2973 1.00838e+15 0.015854
2974 1.00804e+15 0.015952
2975 1.00771e+15 0.01605
2976 1.00737e+15 0.016148
2977 1.00703e+15 0.016246
2978 1.00669e+15 0.016344
2979 1.00635e+15 0.016442
2980 1.00601e+15 0.01654
2981 1.00568e+15 0.016638
2982 1.00534e+15 0.016736
2983 1.005e+15 0.016834
2984 1.00467e+15 0.016932
2985 1.00433e+15 0.01703
2986 1.00399e+15 0.017128
2987 1.00366e+15 0.017226
2988 1.00332e+15 0.017324
2989 1.00299e+15 0.017422
2990 1.00265e+15 0.01752
2991 1.00232e+15 0.017618
2992 1.00198e+15 0.017716
2993 1.00165e+15 0.017814
2994 1.00131e+15 0.017912
2995 1.00098e+15 0.01801
2996 1.00064e+15 0.018108
2997 1.00031e+15 0.018206
2998 9.99975e+14 0.018304
2999 9.99641e+14 0.018402
3000 9.99308e+14 0.0185
3001 9.98975e+14 0.01665
3002 9.98642e+14 0.0148
3003 9.9831e+14 0.01295
3004 9.97978e+14 0.0111
3005 9.97645e+14 0.00925
3006 9.97314e+14 0.0074
3007 9.96982e+14 0.00555
3008 9.9665e+14 0.0037
3009 9.96319e+14 0.00185
3010 9.95988e+14 0