3655 8.20226e+14 0.0003
3680 8.14653e+14 0.0008
3705 8.09156e+14 0.0013
3730 8.03733e+14 0.0019
3755 7.98382e+14 0.0024
3780 7.93102e+14 0.0034
3805 7.87891e+14 0.0055
3830 7.82748e+14 0.0103
3855 7.77672e+14 0.0194
3880 7.72661e+14 0.0326
3905 7.67714e+14 0.0492
3930 7.62831e+14 0.0686
3955 7.58009e+14 0.09
3980 7.53247e+14 0.1123
4005 7.48545e+14 0.1342
4030 7.43902e+14 0.1545
4055 7.39316e+14 0.1722
4080 7.34785e+14 0.1873
4105 7.3031e+14 0.2003
4130 7.2589e+14 0.2116
4155 7.21522e+14 0.2214
4180 7.17207e+14 0.2301
4205 7.12943e+14 0.2378
4230 7.08729e+14 0.2448
4255 7.04565e+14 0.2513
4280 7.0045e+14 0.2574
4305 6.96382e+14 0.2633
4330 6.92361e+14 0.2691
4355 6.88387e+14 0.2747
4380 6.84458e+14 0.2801
4405 6.80573e+14 0.2852
4430 6.76732e+14 0.2899
4455 6.72935e+14 0.294
4480 6.6918e+14 0.2979
4505 6.65466e+14 0.3016
4530 6.61794e+14 0.3055
4555 6.58161e+14 0.3097
4580 6.54569e+14 0.3141
4605 6.51015e+14 0.3184
4630 6.475e+14 0.3224
4655 6.44022e+14 0.3257
4680 6.40582e+14 0.3284
4705 6.37178e+14 0.3307
4730 6.33811e+14 0.3327
4755 6.30478e+14 0.3346
4780 6.27181e+14 0.3364
4805 6.23918e+14 0.3383
4830 6.20688e+14 0.3403
4855 6.17492e+14 0.3425
4880 6.14329e+14 0.3448
4905 6.11198e+14 0.3472
4930 6.08098e+14 0.3495
4955 6.0503e+14 0.3519
4980 6.01993e+14 0.3541
5005 5.98986e+14 0.3562
5030 5.96009e+14 0.3581
5055 5.93061e+14 0.3597
5080 5.90143e+14 0.3609
5105 5.87253e+14 0.3613
5130 5.84391e+14 0.3609
5155 5.81557e+14 0.3595
5180 5.7875e+14 0.3581
5205 5.7597e+14 0.3558
5230 5.73217e+14 0.3452
5255 5.7049e+14 0.3194
5280 5.67789e+14 0.2807
5305 5.65113e+14 0.2339
5330 5.62462e+14 0.1839
5355 5.59837e+14 0.1352
5380 5.57235e+14 0.0911
5405 5.54658e+14 0.0548
5430 5.52104e+14 0.0295
5455 5.49574e+14 0.0166
5480 5.47067e+14 0.0112
5505 5.44582e+14 0.0077
5530 5.4212e+14 0.005
5555 5.3968e+14 0.0032
5580 5.37262e+14 0.0021
5605 5.34866e+14 0.0015
5630 5.32491e+14 0.0012
5655 5.30137e+14 0.001
5680 5.27804e+14 0.0009
5705 5.25491e+14 0.0008
5730 5.23198e+14 0.0006
5755 5.20925e+14 0.0005
5780 5.18672e+14 0.0003
5805 5.16438e+14 0.0001
5830 5.14224e+14 0.0