5405 5.54658e+14 0.0014
5430 5.52104e+14 0.0099
5455 5.49574e+14 0.0259
5480 5.47067e+14 0.0497
5505 5.44582e+14 0.0807
5530 5.4212e+14 0.1186
5555 5.3968e+14 0.1625
5580 5.37262e+14 0.2093
5605 5.34866e+14 0.2555
5630 5.32491e+14 0.2975
5655 5.30137e+14 0.3326
5680 5.27804e+14 0.3609
5705 5.25491e+14 0.3834
5730 5.23198e+14 0.401
5755 5.20925e+14 0.4147
5780 5.18672e+14 0.4253
5805 5.16438e+14 0.4333
5830 5.14224e+14 0.4395
5855 5.12028e+14 0.4446
5880 5.09851e+14 0.4489
5905 5.07693e+14 0.4527
5930 5.05552e+14 0.4563
5955 5.0343e+14 0.4599
5980 5.01325e+14 0.4634
6005 4.99238e+14 0.4665
6030 4.97168e+14 0.4689
6055 4.95116e+14 0.4703
6080 4.9308e+14 0.4711
6105 4.91061e+14 0.4717
6130 4.89058e+14 0.4727
6155 4.87071e+14 0.4744
6180 4.85101e+14 0.4767
6205 4.83147e+14 0.4792
6230 4.81208e+14 0.4819
6255 4.79285e+14 0.4844
6280 4.77377e+14 0.4867
6305 4.75484e+14 0.4887
6330 4.73606e+14 0.4902
6355 4.71743e+14 0.4909
6380 4.69894e+14 0.4912
6405 4.6806e+14 0.4912
6430 4.6624e+14 0.4912
6455 4.64434e+14 0.4914
6480 4.62643e+14 0.4915
6505 4.60865e+14 0.4912
6530 4.591e+14 0.4901
6555 4.57349e+14 0.4878
6580 4.55612e+14 0.4852
6605 4.53887e+14 0.4818
6630 4.52176e+14 0.4697
6655 4.50477e+14 0.4421
6680 4.48791e+14 0.4009
6705 4.47118e+14 0.3499
6730 4.45457e+14 0.2924
6755 4.43808e+14 0.2318
6780 4.42172e+14 0.1715
6805 4.40547e+14 0.1152
6830 4.38935e+14 0.0687
6855 4.37334e+14 0.038
6880 4.35745e+14 0.0212
6905 4.34167e+14 0.0134
6930 4.32601e+14 0.0099
6955 4.31046e+14 0.0076
6980 4.29502e+14 0.0055
7005 4.27969e+14 0.0039
7030 4.26447e+14 0.0027
7055 4.24936e+14 0.002
7080 4.23436e+14 0.0015
7105 4.21946e+14 0.0012
7130 4.20466e+14 0.001
7155 4.18997e+14 0.0007
7180 4.17538e+14 0.0004
7205 4.16089e+14 0.0002
7230 4.14651e+14 0.0