7755 3.8658e+14 0
7780 3.85337e+14 0.0001
7805 3.84103e+14 0.0001
7830 3.82877e+14 0.0001
7855 3.81658e+14 0.0002
7880 3.80447e+14 0.0002
7905 3.79244e+14 0.0003
7930 3.78048e+14 0.0005
7955 3.7686e+14 0.0007
7980 3.7568e+14 0.0011
8005 3.74507e+14 0.0017
8030 3.73341e+14 0.0027
8055 3.72182e+14 0.004
8080 3.7103e+14 0.0057
8105 3.69886e+14 0.0079
8130 3.68748e+14 0.0106
8155 3.67618e+14 0.0139
8180 3.66494e+14 0.0178
8205 3.65378e+14 0.0222
8230 3.64268e+14 0.0271
8255 3.63165e+14 0.0324
8280 3.62068e+14 0.0382
8305 3.60978e+14 0.0446
8330 3.59895e+14 0.0511
8355 3.58818e+14 0.0564
8380 3.57748e+14 0.0603
8405 3.56683e+14 0.0637
8430 3.55626e+14 0.0667
8455 3.54574e+14 0.0694
8480 3.53529e+14 0.0717
8505 3.5249e+14 0.0736
8530 3.51457e+14 0.0752
8555 3.5043e+14 0.0765
8580 3.49408e+14 0.0775
8605 3.48393e+14 0.0782
8630 3.47384e+14 0.0786
8655 3.46381e+14 0.0787
8680 3.45383e+14 0.0785
8705 3.44391e+14 0.078
8730 3.43405e+14 0.0772
8755 3.42424e+14 0.0763
8780 3.41449e+14 0.0751
8805 3.4048e+14 0.0738
8830 3.39516e+14 0.0723
8855 3.38557e+14 0.0708
8880 3.37604e+14 0.0693
8905 3.36656e+14 0.0674
8930 3.35714e+14 0.0632
8955 3.34777e+14 0.0581
8980 3.33845e+14 0.0543
9005 3.32918e+14 0.0526
9030 3.31996e+14 0.0523
9055 3.31079e+14 0.0522
9080 3.30168e+14 0.0512
9105 3.29261e+14 0.0496
9130 3.2836e+14 0.0481
9155 3.27463e+14 0.0473
9180 3.26571e+14 0.0476
9205 3.25684e+14 0.0482
9230 3.24802e+14 0.0476
9255 3.23925e+14 0.0447
9280 3.23052e+14 0.0391
9305 3.22184e+14 0.0329
9330 3.21321e+14 0.0283
9355 3.20462e+14 0.0264
9380 3.19608e+14 0.0271
9405 3.18759e+14 0.0283
9430 3.17914e+14 0.0275
9455 3.17073e+14 0.0254
9480 3.16237e+14 0.0252
9505 3.15405e+14 0.0256
9530 3.14578e+14 0.0246
9555 3.13755e+14 0.0244
9580 3.12936e+14 0.0252
9605 3.12121e+14 0.0258
9630 3.11311e+14 0.0265
9655 3.10505e+14 0.0274
9680 3.09703e+14 0.0279
9705 3.08905e+14 0.0271
9730 3.08111e+14 0.0252
9755 3.07322e+14 0.0236
9780 3.06536e+14 0.0227
9805 3.05755e+14 0.0222
9830 3.04977e+14 0.0216
9855 3.04203e+14 0.0208
9880 3.03434e+14 0.0196
9905 3.02668e+14 0.0183
9930 3.01906e+14 0.0171
9955 3.01148e+14 0.016
9980 3.00393e+14 0.0149
10005 2.99643e+14 0.0138
10030 2.98896e+14 0.0128
10055 2.98153e+14 0.0118
10080 2.97413e+14 0.0108
10105 2.96677e+14 0.0099
10130 2.95945e+14 0.0091
10155 2.95217e+14 0.0083
10180 2.94492e+14 0.0075
10205 2.9377e+14 0.0068
10230 2.93052e+14 0.0061
10255 2.92338e+14 0.0055
10280 2.91627e+14 0.005
10305 2.90919e+14 0.0045
10330 2.90215e+14 0.0041
10355 2.89515e+14 0.0037
10380 2.88817e+14 0.0033
10405 2.88123e+14 0.003
10430 2.87433e+14 0.0027
10455 2.86746e+14 0.0025
10480 2.86062e+14 0.0023
10505 2.85381e+14 0.0021
10530 2.84703e+14 0.0019
10555 2.84029e+14 0.0018
10580 2.83358e+14 0.0017
10605 2.8269e+14 0.0016
10630 2.82025e+14 0.0015
10655 2.81363e+14 0.0014
10680 2.80705e+14 0.0013
10705 2.80049e+14 0.0012
10730 2.79397e+14 0.0011
10755 2.78747e+14 0.001
10780 2.78101e+14 0.0009
10805 2.77457e+14 0.0008
10830 2.76817e+14 0.0008
10855 2.76179e+14 0.0007
10880 2.75545e+14 0.0006
10905 2.74913e+14 0.0006
10930 2.74284e+14 0.0006
10955 2.73658e+14 0.0005
10980 2.73035e+14 0.0005
11005 2.72415e+14 0.0004
11030 2.71797e+14 0.0004
11055 2.71183e+14 0.0003
11080 2.70571e+14 0.0003
11105 2.69962e+14 0.0002
11130 2.69355e+14 0.0002
11155 2.68752e+14 0.0001
11180 2.68151e+14 0.0001
11205 2.67552e+14 0.0
11230 2.66957e+14 0.0