6455 4.64434e+14 0.0001
6480 4.62643e+14 0.0003
6505 4.60865e+14 0.0004
6530 4.591e+14 0.0004
6555 4.57349e+14 0.0003
6580 4.55612e+14 0.0003
6605 4.53887e+14 0.0004
6630 4.52176e+14 0.0009
6655 4.50477e+14 0.0019
6680 4.48791e+14 0.0034
6705 4.47118e+14 0.0056
6730 4.45457e+14 0.0103
6755 4.43808e+14 0.0194
6780 4.42172e+14 0.0344
6805 4.40547e+14 0.0561
6830 4.38935e+14 0.0839
6855 4.37334e+14 0.1164
6880 4.35745e+14 0.1528
6905 4.34167e+14 0.1948
6930 4.32601e+14 0.2408
6955 4.31046e+14 0.2857
6980 4.29502e+14 0.3233
7005 4.27969e+14 0.3503
7030 4.26447e+14 0.3759
7055 4.24936e+14 0.399
7080 4.23436e+14 0.4162
7105 4.21946e+14 0.4233
7130 4.20466e+14 0.4165
7155 4.18997e+14 0.3943
7180 4.17538e+14 0.376
7205 4.16089e+14 0.3823
7230 4.14651e+14 0.3918
7255 4.13222e+14 0.3892
7280 4.11803e+14 0.3828
7305 4.10394e+14 0.382
7330 4.08994e+14 0.3884
7355 4.07604e+14 0.3872
7380 4.06223e+14 0.3821
7405 4.04851e+14 0.3787
7430 4.03489e+14 0.3759
7455 4.02136e+14 0.3727
7480 4.00792e+14 0.3681
7505 3.99457e+14 0.3618
7530 3.98131e+14 0.3565
7555 3.96813e+14 0.3554
7580 3.95505e+14 0.3478
7605 3.94204e+14 0.1473
7630 3.92913e+14 0.2096
7655 3.9163e+14 0.2648
7680 3.90355e+14 0.33
7705 3.89088e+14 0.3256
7730 3.8783e+14 0.3223
7755 3.8658e+14 0.3179
7780 3.85337e+14 0.3129
7805 3.84103e+14 0.3077
7830 3.82877e+14 0.3026
7855 3.81658e+14 0.298
7880 3.80447e+14 0.2944
7905 3.79244e+14 0.2921
7930 3.78048e+14 0.2916
7955 3.7686e+14 0.2921
7980 3.7568e+14 0.2927
8005 3.74507e+14 0.2923
8030 3.73341e+14 0.2896
8055 3.72182e+14 0.284
8080 3.7103e+14 0.2758
8105 3.69886e+14 0.2642
8130 3.68748e+14 0.2427
8155 3.67618e+14 0.2091
8180 3.66494e+14 0.1689
8205 3.65378e+14 0.1276
8230 3.64268e+14 0.0901
8255 3.63165e+14 0.0603
8280 3.62068e+14 0.0378
8305 3.60978e+14 0.0218
8330 3.59895e+14 0.0117
8355 3.58818e+14 0.0068
8380 3.57748e+14 0.0048
8405 3.56683e+14 0.0033
8430 3.55626e+14 0.002
8455 3.54574e+14 0.0013
8480 3.53529e+14 0.001
8505 3.5249e+14 0.0009
8530 3.51457e+14 0.0009
8555 3.5043e+14 0.0008
8580 3.49408e+14 0.0005
8605 3.48393e+14 0.0002
8630 3.47384e+14 0.0