3005 9.97645e+14 0.0001
3030 9.89414e+14 0.0005
3055 9.81317e+14 0.0013
3080 9.73352e+14 0.0026
3105 9.65515e+14 0.0052
3130 9.57803e+14 0.0093
3155 9.50214e+14 0.0161
3180 9.42744e+14 0.024
3205 9.3539e+14 0.0323
3230 9.2815e+14 0.0405
3255 9.21021e+14 0.0485
3280 9.14001e+14 0.0561
3305 9.07088e+14 0.0634
3330 9.00278e+14 0.07
3355 8.93569e+14 0.0756
3380 8.8696e+14 0.0803
3405 8.80448e+14 0.0848
3430 8.7403e+14 0.0883
3455 8.67706e+14 0.0917
3480 8.61473e+14 0.0959
3505 8.55328e+14 0.1001
3530 8.4927e+14 0.1029
3555 8.43298e+14 0.1044
3580 8.37409e+14 0.1053
3605 8.31602e+14 0.1063
3630 8.25875e+14 0.1075
3655 8.20226e+14 0.1085
3680 8.14653e+14 0.1084
3705 8.09156e+14 0.1064
3730 8.03733e+14 0.1024
3755 7.98382e+14 0.0966
3780 7.93102e+14 0.0887
3805 7.87891e+14 0.0787
3830 7.82748e+14 0.0672
3855 7.77672e+14 0.0549
3880 7.72661e+14 0.0413
3905 7.67714e+14 0.0268
3930 7.62831e+14 0.0145
3955 7.58009e+14 0.0075
3980 7.53247e+14 0.0042
4005 7.48545e+14 0.0022
4030 7.43902e+14 0.001
4055 7.39316e+14 0.0006
4080 7.34785e+14 0.0004
4105 7.3031e+14 0.0002
4130 7.2589e+14 0.0