1602.49 1.87079e+15 1.39395
1607.49 1.86497e+15 2.1558
1612.49 1.85918e+15 2.89504
1617.49 1.85344e+15 3.67319
1622.49 1.84773e+15 4.62184
1627.49 1.84205e+15 5.74791
1632.49 1.83641e+15 6.93205
1637.49 1.8308e+15 8.08951
1642.49 1.82523e+15 9.17905
1647.49 1.81969e+15 10.2365
1652.49 1.81418e+15 11.3656
1657.49 1.80871e+15 12.4987
1662.49 1.80327e+15 13.4044
1667.49 1.79786e+15 14.0928
1672.49 1.79249e+15 14.8131
1677.49 1.78714e+15 15.5856
1682.49 1.78183e+15 16.2013
1687.49 1.77655e+15 16.6563
1692.49 1.7713e+15 17.1529
1697.49 1.76609e+15 17.681
1702.49 1.7609e+15 18.017
1707.49 1.75574e+15 18.1127
1712.49 1.75062e+15 18.1066
1717.49 1.74552e+15 18.1745
1722.49 1.74045e+15 18.5123
1727.49 1.73542e+15 19.108
1732.49 1.73041e+15 19.7452
1737.49 1.72543e+15 20.3004
1742.49 1.72048e+15 20.7547
1747.49 1.71556e+15 21.1471
1752.49 1.71066e+15 21.5652
1757.49 1.70579e+15 21.9833
1762.49 1.70095e+15 22.2661
1767.49 1.69614e+15 22.4126
1772.49 1.69136e+15 22.5575
1777.49 1.6866e+15 22.7445
1782.49 1.68187e+15 22.9231
1787.49 1.67717e+15 23.0828
1792.49 1.67249e+15 23.2564
1797.49 1.66783e+15 23.4478
1802.49 1.66321e+15 23.6304
1807.49 1.65861e+15 23.7936
1812.49 1.65403e+15 23.9447
1817.49 1.64948e+15 24.0962
1822.49 1.64496e+15 24.265
1827.49 1.64046e+15 24.4488
1832.49 1.63598e+15 24.6262
1837.49 1.63153e+15 24.78
1842.49 1.6271e+15 24.8999
1847.49 1.6227e+15 25.0244
1852.49 1.61832e+15 25.2358
1857.49 1.61396e+15 25.5119
1862.49 1.60963e+15 25.7286
1867.49 1.60532e+15 25.884
1872.49 1.60103e+15 26.0962
1877.49 1.59677e+15 26.3476
1882.49 1.59253e+15 26.4862
1887.49 1.58831e+15 26.5206
1892.49 1.58411e+15 26.6177
1897.49 1.57994e+15 26.7594
1902.49 1.57579e+15 26.7439
1907.49 1.57166e+15 26.5612
1912.49 1.56755e+15 26.396
1917.49 1.56346e+15 26.3067
1922.49 1.55939e+15 26.2189
1927.49 1.55535e+15 26.0972
1932.49 1.55132e+15 25.9512
1937.49 1.54732e+15 25.7944
1942.49 1.54334e+15 25.6427
1947.49 1.53937e+15 25.5112
1952.49 1.53543e+15 25.4131
1957.49 1.53151e+15 25.3369
1962.49 1.52761e+15 25.248
1967.49 1.52373e+15 25.145
1972.49 1.51986e+15 25.0598
1977.49 1.51602e+15 24.9882
1982.49 1.5122e+15 24.8911
1987.49 1.50839e+15 24.7732
1992.49 1.50461e+15 24.6817
1997.49 1.50084e+15 24.5955
2002.49 1.49709e+15 24.4262
2007.49 1.49337e+15 24.1659
2012.49 1.48966e+15 23.8879
2017.49 1.48596e+15 23.6277
2022.49 1.48229e+15 23.3786
2027.49 1.47863e+15 23.1275
2032.49 1.475e+15 22.8571
2037.49 1.47138e+15 22.5725
2042.49 1.46778e+15 22.3004
2047.49 1.46419e+15 22.0431
2052.49 1.46062e+15 21.7783
2057.49 1.45708e+15 21.4965
2062.49 1.45354e+15 21.2028
2067.49 1.45003e+15 20.9045
2072.49 1.44653e+15 20.61
2077.49 1.44305e+15 20.3201
2082.5 1.43958e+15 20.0273
2087.49 1.43613e+15 19.7241
2092.49 1.4327e+15 19.4044
2097.5 1.42929e+15 19.095
2102.5 1.42589e+15 18.853
2107.49 1.42251e+15 18.6722
2112.49 1.41914e+15 18.4849
2117.5 1.41579e+15 18.2716
2122.5 1.41245e+15 18.0632
2127.5 1.40913e+15 17.8635
2132.49 1.40583e+15 17.6476
2137.49 1.40254e+15 17.4166
2142.5 1.39927e+15 17.1979
2147.5 1.39601e+15 16.9939
2152.5 1.39277e+15 16.7821
2157.49 1.38954e+15 16.5594
2162.49 1.38633e+15 16.3427
2167.49 1.38313e+15 16.1313
2172.5 1.37994e+15 15.9066
2177.5 1.37678e+15 15.6729
2182.5 1.37362e+15 15.4565
2187.49 1.37048e+15 15.2621
2192.49 1.36736e+15 15.0711
2197.49 1.36425e+15 14.8527
2202.5 1.36115e+15 14.5667
2207.49 1.35807e+15 14.2204
2212.49 1.355e+15 13.8671
2217.49 1.35194e+15 13.5317
2222.5 1.3489e+15 13.2089
2227.49 1.34587e+15 12.8891
2232.49 1.34286e+15 12.5608
2237.49 1.33986e+15 12.2421
2242.5 1.33687e+15 11.9788
2247.5 1.3339e+15 11.7701
2252.49 1.33094e+15 11.569
2257.5 1.32799e+15 11.3565
2262.5 1.32505e+15 11.1434
2267.49 1.32213e+15 10.9363
2272.49 1.31922e+15 10.7356
2277.5 1.31632e+15 10.5382
2282.49 1.31344e+15 10.3382
2287.49 1.31057e+15 10.1369
2292.5 1.30771e+15 9.9427
2297.5 1.30487e+15 9.75706
2302.49 1.30203e+15 9.57468
2307.49 1.29921e+15 9.39393
2312.5 1.2964e+15 9.21699
2317.5 1.29361e+15 9.0426
2322.5 1.29082e+15 8.86627
2327.49 1.28805e+15 8.69206
2332.5 1.28529e+15 8.53233
2337.5 1.28254e+15 8.38825
2342.5 1.2798e+15 8.24978
2347.5 1.27707e+15 8.11327
2352.5 1.27436e+15 7.98182
2357.49 1.27166e+15 7.85474
2362.5 1.26896e+15 7.72748
2367.5 1.26628e+15 7.59973
2372.5 1.26362e+15 7.47551
2377.5 1.26096e+15 7.35439
2382.5 1.25831e+15 7.23164
2387.5 1.25568e+15 7.10883
2392.5 1.25305e+15 6.99363
2397.5 1.25044e+15 6.88539
2402.49 1.24784e+15 6.77519
2407.5 1.24525e+15 6.66108
2412.5 1.24267e+15 6.54831
2417.5 1.24009e+15 6.43864
2422.5 1.23754e+15 6.33018
2427.5 1.23499e+15 6.22372
2432.5 1.23245e+15 6.1225
2437.5 1.22992e+15 6.02125
2442.5 1.2274e+15 5.90666
2447.5 1.22489e+15 5.77869
2452.5 1.2224e+15 5.65053
2457.5 1.21991e+15 5.52807
2462.5 1.21743e+15 5.4093
2467.5 1.21497e+15 5.29258
2472.5 1.21251e+15 5.17697
2477.5 1.21006e+15 5.06287
2482.5 1.20763e+15 4.952
2487.5 1.2052e+15 4.84704
2492.5 1.20278e+15 4.75128
2497.5 1.20037e+15 4.66216
2502.5 1.19797e+15 4.57143
2507.5 1.19558e+15 4.47675
2512.5 1.19321e+15 4.38191
2517.5 1.19084e+15 4.28996
2522.49 1.18848e+15 4.20279
2527.5 1.18612e+15 4.11829
2532.5 1.18378e+15 4.03075
2537.5 1.18145e+15 3.94338
2542.5 1.17913e+15 3.86794
2547.5 1.17681e+15 3.80484
2552.5 1.17451e+15 3.74311
2557.5 1.17221e+15 3.67937
2562.5 1.16992e+15 3.61816
2567.5 1.16765e+15 3.56039
2572.5 1.16538e+15 3.50313
2577.5 1.16312e+15 3.44611
2582.5 1.16086e+15 3.39165
2587.5 1.15862e+15 3.33814
2592.5 1.15639e+15 3.2805
2597.5 1.15416e+15 3.22575
2602.5 1.15194e+15 3.19244
2607.5 1.14973e+15 3.18022
2612.5 1.14753e+15 3.16991
2617.5 1.14534e+15 3.15394
2622.5 1.14316e+15 3.13711
2627.5 1.14098e+15 3.12149
2632.5 1.13881e+15 3.10597
2637.5 1.13666e+15 3.09014
2642.5 1.1345e+15 3.07442
2647.5 1.13236e+15 3.05872
2652.5 1.13023e+15 3.04243
2657.5 1.1281e+15 3.02558
2662.5 1.12598e+15 3.00883
2667.5 1.12387e+15 2.99216
2672.5 1.12177e+15 2.97491
2677.5 1.11967e+15 2.95707
2682.5 1.11759e+15 2.93929
2687.49 1.11551e+15 2.92162
2692.5 1.11344e+15 2.90348
2697.5 1.11137e+15 2.88472
2702.5 1.10932e+15 2.86558
2707.5 1.10727e+15 2.84632
2712.5 1.10523e+15 2.82717
2717.5 1.10319e+15 2.80801
2722.5 1.10117e+15 2.78836
2727.5 1.09915e+15 2.7681
2732.5 1.09714e+15 2.74753
2737.5 1.09513e+15 2.72682
2742.5 1.09314e+15 2.70602
2747.5 1.09115e+15 2.68489
2752.5 1.08917e+15 2.66291
2757.5 1.08719e+15 2.64014
2762.5 1.08522e+15 2.61726
2767.5 1.08326e+15 2.59459
2772.5 1.08131e+15 2.57208
2777.5 1.07936e+15 2.54947
2782.5 1.07742e+15 2.52624
2787.5 1.07549e+15 2.5021
2792.5 1.07356e+15 2.47695
2797.5 1.07165e+15 2.4512
2802.5 1.06973e+15 2.42573
2807.5 1.06783e+15 2.40067
2812.5 1.06593e+15 2.37537
2817.5 1.06404e+15 2.34929
2822.5 1.06215e+15 2.32205
2827.5 1.06028e+15 2.29386
2832.5 1.0584e+15 2.26544
2837.5 1.05654e+15 2.23731
2842.5 1.05468e+15 2.20969
2847.5 1.05283e+15 2.1822
2852.5 1.05098e+15 2.15393
2857.5 1.04914e+15 2.12475
2862.5 1.04731e+15 2.09537
2867.5 1.04549e+15 2.06626
2872.5 1.04367e+15 2.03761
2877.5 1.04185e+15 2.00911
2882.5 1.04004e+15 1.98003
2887.5 1.03824e+15 1.95034
2892.5 1.03645e+15 1.92082
2897.5 1.03466e+15 1.89175
2902.5 1.03288e+15 1.86296
2907.5 1.0311e+15 1.83397
2912.5 1.02933e+15 1.80409
2917.5 1.02757e+15 1.77379
2922.5 1.02581e+15 1.74471
2927.5 1.02406e+15 1.71684
2932.5 1.02231e+15 1.68852
2937.5 1.02057e+15 1.65932
2942.5 1.01884e+15 1.63007
2947.5 1.01711e+15 1.60142
2952.5 1.01539e+15 1.57378
2957.5 1.01367e+15 1.54681
2962.5 1.01196e+15 1.51943
2967.5 1.01025e+15 1.49129
2972.5 1.00855e+15 1.46273
2977.5 1.00686e+15 1.43449
2982.5 1.00517e+15 1.40761
2987.5 1.00349e+15 1.3821
2992.5 1.00181e+15 1.35698
2997.5 1.00014e+15 1.33181
3002.5 9.98477e+14 1.3068
3007.5 9.96817e+14 1.28213
3012.5 9.95163e+14 1.25795
3017.5 9.93514e+14 1.2343
3022.5 9.9187e+14 1.21108
3027.5 9.90232e+14 1.18836
3032.5 9.886e+14 1.1664
3037.5 9.86972e+14 1.14484
3042.5 9.8535e+14 1.12274
3047.5 9.83734e+14 1.10037
3052.5 9.82122e+14 1.07911
3057.5 9.80516e+14 1.05906
3062.5 9.78915e+14 1.039
3067.5 9.7732e+14 1.01869
3072.5 9.75729e+14 0.998875
3077.5 9.74144e+14 0.979712
3082.5 9.72564e+14 0.960735
3087.5 9.70989e+14 0.941937
3092.5 9.69419e+14 0.923778
3097.5 9.67854e+14 0.906126
3102.5 9.66294e+14 0.888279
3107.5 9.6474e+14 0.870395
3112.5 9.6319e+14 0.85347
3117.5 9.61645e+14 0.837369
3122.5 9.60105e+14 0.820852
3127.5 9.5857e+14 0.803922
3132.49 9.5704e+14 0.78782
3137.5 9.55515e+14 0.772673
3142.5 9.53995e+14 0.757479
3147.5 9.52479e+14 0.742095
3152.5 9.50969e+14 0.72726
3157.5 9.49463e+14 0.713047
3162.5 9.47962e+14 0.69884
3167.5 9.46465e+14 0.684496
3172.5 9.44973e+14 0.670359
3177.49 9.43487e+14 0.656568
3182.5 9.42004e+14 0.643037
3187.5 9.40527e+14 0.629725
3192.5 9.39054e+14 0.616637
3197.5 9.37585e+14 0.603811
3202.5 9.36121e+14 0.591304
3207.5 9.34662e+14 0.579012
3212.5 9.33207e+14 0.566685
3217.5 9.31757e+14 0.554326
3222.5 9.30311e+14 0.54219
3227.5 9.2887e+14 0.53037
3232.5 9.27433e+14 0.518785
3237.5 9.26001e+14 0.507434
3242.5 9.24573e+14 0.496398
3247.5 9.2315e+14 0.485586
3252.5 9.2173e+14 0.474745
3257.5 9.20316e+14 0.463868
3262.5 9.18905e+14 0.45319
3267.5 9.17499e+14 0.442837
3272.49 9.16098e+14 0.432809
3277.5 9.147e+14 0.42298
3282.5 9.13306e+14 0.413115
3287.5 9.11917e+14 0.403221
3292.5 9.10532e+14 0.39355
3297.5 9.09152e+14 0.384194
3302.5 9.07775e+14 0.375079
3307.5 9.06403e+14 0.366196
3312.5 9.05035e+14 0.357604
3317.5 9.03671e+14 0.349246
3322.49 9.02311e+14 0.340948
3327.5 9.00955e+14 0.332578
3332.49 8.99604e+14 0.32406
3337.5 8.98256e+14 0.315614
3342.5 8.96912e+14 0.307727
3347.5 8.95572e+14 0.300397
3352.5 8.94237e+14 0.293137
3357.5 8.92905e+14 0.28573
3362.5 8.91577e+14 0.278258
3367.5 8.90253e+14 0.270844
3372.5 8.88933e+14 0.263638
3377.5 8.87618e+14 0.256732
3382.5 8.86305e+14 0.250153
3387.5 8.84997e+14 0.243779
3392.5 8.83693e+14 0.237351
3397.5 8.82392e+14 0.2309
3402.5 8.81096e+14 0.224735
3407.5 8.79803e+14 0.218861
3412.5 8.78514e+14 0.212972
3417.49 8.77229e+14 0.207025
3422.5 8.75947e+14 0.20125
3427.5 8.74669e+14 0.195816
3432.5 8.73395e+14 0.190801
3437.5 8.72125e+14 0.185947
3442.5 8.70858e+14 0.180692
3447.5 8.69595e+14 0.175162
3452.5 8.68335e+14 0.170153
3457.5 8.6708e+14 0.165792
3462.5 8.65828e+14 0.161516
3467.49 8.64579e+14 0.157068
3472.5 8.63334e+14 0.152526
3477.5 8.62093e+14 0.148058
3482.5 8.60855e+14 0.143896
3487.5 8.59621e+14 0.139994
3492.5 8.5839e+14 0.136043
3497.5 8.57163e+14 0.132054
3502.5 8.55939e+14 0.128357
3507.5 8.54719e+14 0.124951
3512.5 8.53503e+14 0.121505
3517.5 8.52289e+14 0.118012
3522.49 8.5108e+14 0.114784
3527.5 8.49873e+14 0.11186
3532.5 8.4867e+14 0.108987
3537.5 8.47471e+14 0.106029
3542.5 8.46275e+14 0.102985
3547.5 8.45082e+14 0.0999925
3552.5 8.43892e+14 0.0973096
3557.5 8.42706e+14 0.0948908
3562.49 8.41524e+14 0.0923976
3567.49 8.40344e+14 0.089875
3572.5 8.39168e+14 0.087741
3577.5 8.37995e+14 0.0858603
3582.5 8.36826e+14 0.0835629
3587.5 8.35659e+14 0.0809751
3592.5 8.34496e+14 0.0790031
3597.5 8.33336e+14 0.077647
3602.5 8.3218e+14 0.0760004
3607.49 8.31027e+14 0.0739369
3612.49 8.29876e+14 0.0721272
3617.5 8.28729e+14 0.070706
3622.5 8.27585e+14 0.0692537
3627.5 8.26445e+14 0.0677276
3632.5 8.25307e+14 0.0664725
3637.5 8.24173e+14 0.0655245
3642.5 8.23041e+14 0.0646023
3647.5 8.21913e+14 0.0636039
3652.5 8.20788e+14 0.0626162
3657.49 8.19666e+14 0.0616421
3662.5 8.18547e+14 0.0605986
3667.49 8.17431e+14 0.0595778
3672.5 8.16318e+14 0.0588386
3677.5 8.15208e+14 0.0583805
3682.5 8.14101e+14 0.0579438
3687.5 8.12997e+14 0.0574384
3692.5 8.11897e+14 0.0569511
3697.5 8.10799e+14 0.0564727
3702.5 8.09704e+14 0.0559008
3707.49 8.08612e+14 0.0553616
3712.49 8.07523e+14 0.055194
3717.5 8.06437e+14 0.0552718
3722.5 8.05353e+14 0.0550196
3727.5 8.04273e+14 0.0544465
3732.5 8.03196e+14 0.054144
3737.5 8.02121e+14 0.0542017
3742.5 8.0105e+14 0.0542003
3747.5 7.99981e+14 0.054142
3752.49 7.98915e+14 0.0544503
3757.49 7.97852e+14 0.0550264
3762.49 7.96792e+14 0.0552579
3767.49 7.95734e+14 0.0551689
3772.49 7.9468e+14 0.0554134
3777.49 7.93628e+14 0.0559946
3782.5 7.92578e+14 0.0562641
3787.5 7.91532e+14 0.056185
3792.5 7.90489e+14 0.0563417
3797.5 7.89448e+14 0.0568779
3802.49 7.8841e+14 0.057476
3807.49 7.87375e+14 0.0579679
3812.49 7.86342e+14 0.0583612
3817.5 7.85312e+14 0.0588155
3822.5 7.84285e+14 0.0596174
3827.5 7.8326e+14 0.0606672
3832.5 7.82238e+14 0.0614877
3837.5 7.81219e+14 0.0619494
3842.49 7.80203e+14 0.0622869
3847.49 7.79189e+14 0.0627489
3852.49 7.78177e+14 0.0635673
3857.49 7.77169e+14 0.0646157
3862.49 7.76163e+14 0.0654265
3867.49 7.75159e+14 0.0658856
3872.5 7.74158e+14 0.0662457
3877.5 7.7316e+14 0.0667195
3882.5 7.72164e+14 0.067457
3887.5 7.71171e+14 0.0684615
3892.5 7.70181e+14 0.0695883
3897.49 7.69193e+14 0.0706122
3902.49 7.68207e+14 0.0712525
3907.49 7.67224e+14 0.071668
3912.49 7.66244e+14 0.0724321
3917.49 7.65266e+14 0.0735056
3922.49 7.6429e+14 0.0742455
3927.5 7.63317e+14 0.0746512
3932.5 7.62347e+14 0.0753644
3937.5 7.61378e+14 0.0764272
3942.49 7.60413e+14 0.0772714
3947.49 7.5945e+14 0.0777295
3952.49 7.58489e+14 0.078061
3957.49 7.57531e+14 0.0785242
3962.49 7.56575e+14 0.079343
3967.49 7.55622e+14 0.0803905
3972.5 7.5467e+14 0.0812054
3977.5 7.53722e+14 0.0816671
3982.5 7.52775e+14 0.0820103
3987.49 7.51832e+14 0.0824748
3992.49 7.5089e+14 0.0832757
3997.49 7.49951e+14 0.0843147
4002.49 7.49014e+14 0.0851896
4007.49 7.48079e+14 0.0856836
4012.49 7.47147e+14 0.0857896
4017.5 7.46217e+14 0.0857323
4022.5 7.4529e+14 0.0859435
4027.5 7.44364e+14 0.0864796
4032.5 7.43441e+14 0.0870234
4037.5 7.42521e+14 0.0874935
4042.49 7.41603e+14 0.08805
4047.49 7.40686e+14 0.0885913
4052.49 7.39773e+14 0.0887641
4057.49 7.38861e+14 0.0886864
4062.5 7.37951e+14 0.088933
4067.5 7.37044e+14 0.0895037
4072.5 7.36139e+14 0.0898235
4077.5 7.35237e+14 0.0897751
4082.49 7.34336e+14 0.0897129
4087.49 7.33438e+14 0.0897365
4092.49 7.32542e+14 0.0896807
4097.49 7.31648e+14 0.0896348
4102.49 7.30756e+14 0.0899357
4107.49 7.29867e+14 0.0904964
4112.49 7.2898e+14 0.0908121
4117.49 7.28094e+14 0.0907721
4122.49 7.27211e+14 0.090672
4127.5 7.2633e+14 0.090672
4132.5 7.25451e+14 0.0907721
4137.49 7.24575e+14 0.0908121
4142.49 7.237e+14 0.0904964
4147.49 7.22828e+14 0.0899357
4152.49 7.21957e+14 0.0896348
4157.5 7.21089e+14 0.0896808
4162.5 7.20223e+14 0.0897363
4167.5 7.19359e+14 0.0897125
4172.5 7.18497e+14 0.089776
4177.49 7.17637e+14 0.0898252
4182.49 7.16779e+14 0.0895003
4187.49 7.15923e+14 0.0889267
4192.49 7.15069e+14 0.0886993
4197.49 7.14218e+14 0.0887876
4202.5 7.13368e+14 0.088543
4207.5 7.1252e+14 0.0879625
4212.5 7.11674e+14 0.0876892
4217.5 7.1083e+14 0.087766
4222.5 7.09989e+14 0.0876247
4227.5 7.09149e+14 0.087097
4232.49 7.08311e+14 0.0864411
4237.49 7.07476e+14 0.0859175
4242.49 7.06642e+14 0.0857556
4247.49 7.0581e+14 0.0858199
4252.49 7.0498e+14 0.0856293
4257.49 7.04152e+14 0.0850942
4262.5 7.03326e+14 0.0845244
4267.5 7.02502e+14 0.0840426
4272.49 7.0168e+14 0.0835703
4277.49 7.0086e+14 0.0830742
4282.49 7.00042e+14 0.0825757
4287.49 6.99225e+14 0.0820835
4292.49 6.98411e+14 0.081592
4297.49 6.97598e+14 0.0810988
4302.49 6.96787e+14 0.0806054
4307.49 6.95979e+14 0.0801124
4312.5 6.95172e+14 0.0796195
4317.49 6.94367e+14 0.0791265
4322.49 6.93563e+14 0.0786335
4327.49 6.92762e+14 0.0781405
4332.49 6.91963e+14 0.0776475
4337.49 6.91165e+14 0.0771545
4342.49 6.90369e+14 0.0766615
4347.49 6.89575e+14 0.0761685
4352.49 6.88783e+14 0.0756755
4357.49 6.87993e+14 0.0751825
4362.49 6.87204e+14 0.0746895
4367.49 6.86417e+14 0.0741965
4372.49 6.85632e+14 0.0737035
4377.49 6.84849e+14 0.0732105
4382.49 6.84068e+14 0.0727174
4387.49 6.83288e+14 0.0722244
4392.49 6.82511e+14 0.0717318
4397.49 6.81735e+14 0.071239
4402.5 6.8096e+14 0.0707445
4407.49 6.80188e+14 0.0702507
4412.49 6.79417e+14 0.0697633
4417.49 6.78648e+14 0.0692734
4422.49 6.77881e+14 0.0687594
4427.49 6.77115e+14 0.0682549
4432.49 6.76351e+14 0.0678403
4437.49 6.75589e+14 0.0673903
4442.49 6.74829e+14 0.0665888
4447.49 6.7407e+14 0.0655352
4452.49 6.73313e+14 0.0647337
4457.49 6.72558e+14 0.0642836
4462.5 6.71804e+14 0.0638691
4467.49 6.71053e+14 0.0633647
4472.49 6.70303e+14 0.0628506
4477.49 6.69554e+14 0.0623607
4482.49 6.68807e+14 0.0618733
4487.49 6.68062e+14 0.0613795
4492.49 6.67318e+14 0.060885
4497.49 6.66577e+14 0.0603922
4502.49 6.65836e+14 0.0598996
4507.49 6.65098e+14 0.0594066
4512.49 6.64361e+14 0.0589135
4517.49 6.63625e+14 0.0584205
4522.49 6.62892e+14 0.0579275
4527.49 6.6216e+14 0.0574345
4532.49 6.61429e+14 0.0569415
4537.49 6.607e+14 0.0564485
4542.49 6.59973e+14 0.0559556
4547.49 6.59247e+14 0.0554626
4552.49 6.58523e+14 0.0549692
4557.49 6.57801e+14 0.054476
4562.49 6.5708e+14 0.0539845
4567.49 6.56361e+14 0.0534923
4572.49 6.55643e+14 0.0529937
4577.49 6.54927e+14 0.0524976
4582.49 6.54212e+14 0.0520257
4587.49 6.53499e+14 0.0515442
4592.49 6.52788e+14 0.0509726
4597.49 6.52078e+14 0.0504367
4602.49 6.51369e+14 0.0502522
4607.49 6.50663e+14 0.05032
4612.49 6.49957e+14 0.050135
4617.49 6.49253e+14 0.0495989
4622.49 6.48551e+14 0.0490289
4627.49 6.4785e+14 0.0485482
4632.49 6.47151e+14 0.0480706
4637.49 6.46453e+14 0.0475714
4642.49 6.45757e+14 0.0470939
4647.49 6.45062e+14 0.0466133
4652.49 6.44369e+14 0.0460429
4657.49 6.43677e+14 0.0455065
4662.49 6.42987e+14 0.045323
4667.49 6.42298e+14 0.0453916
4672.49 6.41611e+14 0.0452016
4677.49 6.40925e+14 0.0446626
4682.49 6.40241e+14 0.0441117
4687.49 6.39558e+14 0.0436415
4692.49 6.38876e+14 0.0430925
4697.49 6.38196e+14 0.0425543
4702.49 6.37518e+14 0.0423586
4707.49 6.36841e+14 0.0424241
4712.49 6.36165e+14 0.0422617
4717.49 6.35491e+14 0.0417368
4722.49 6.34818e+14 0.0410879
4727.49 6.34147e+14 0.0405643
4732.49 6.33477e+14 0.0403954
4737.49 6.32808e+14 0.0404569
4742.49 6.32141e+14 0.0402873
4747.49 6.31475e+14 0.0397635
4752.49 6.30811e+14 0.0391165
4757.49 6.30148e+14 0.0385927
4762.49 6.29486e+14 0.0384232
4767.49 6.28826e+14 0.0384848
4772.49 6.28167e+14 0.0383153
4777.49 6.2751e+14 0.0377915
4782.49 6.26854e+14 0.0371446
4787.49 6.26199e+14 0.0366208
4792.49 6.25546e+14 0.0364508
4797.49 6.24894e+14 0.0365122
4802.49 6.24243e+14 0.0363447
4807.49 6.23594e+14 0.035822
4812.49 6.22946e+14 0.0351674
4817.49 6.22299e+14 0.0346394
4822.49 6.21654e+14 0.0344982
4827.49 6.2101e+14 0.0345752
4832.49 6.20368e+14 0.0343005
4837.49 6.19727e+14 0.0337192
4842.49 6.19087e+14 0.0334803
4847.49 6.18448e+14 0.0335716
4852.49 6.17811e+14 0.0333231
4857.49 6.17175e+14 0.0327379
4862.49 6.1654e+14 0.032492
4867.49 6.15907e+14 0.0325843
4872.49 6.15275e+14 0.0323377
4877.49 6.14644e+14 0.0317523
4882.49 6.14015e+14 0.0315058
4887.49 6.13387e+14 0.0315982
4892.49 6.1276e+14 0.0313517
4897.49 6.12134e+14 0.0307663
4902.49 6.1151e+14 0.0305198
4907.49 6.10887e+14 0.0306122
4912.49 6.10265e+14 0.0303658
4917.49 6.09645e+14 0.0297805
4922.49 6.09025e+14 0.0295334
4927.49 6.08407e+14 0.0296256
4932.49 6.07791e+14 0.0293811
4937.49 6.07175e+14 0.0287968
4942.49 6.06561e+14 0.0285426
4947.49 6.05948e+14 0.0286308
4952.49 6.05336e+14 0.028413
4957.49 6.04726e+14 0.0278433
4962.49 6.04116e+14 0.0274897
4967.49 6.03508e+14 0.0275236
4972.49 6.02901e+14 0.0276922
4977.49 6.02296e+14 0.0277258
4982.49 6.01691e+14 0.027374
4987.49 6.01088e+14 0.0268054
4992.49 6.00486e+14 0.0265801
4997.49 5.99885e+14 0.0266642
5002.49 5.99286e+14 0.0264382