1602.49 1.87079e+15 0.0621944
1607.49 1.86497e+15 0.186669
1612.49 1.85918e+15 0.311414
1617.49 1.85344e+15 0.436434
1622.49 1.84773e+15 0.561573
1627.49 1.84205e+15 0.686608
1632.49 1.83641e+15 0.811278
1637.49 1.8308e+15 0.935705
1642.49 1.82523e+15 1.06039
1647.49 1.81969e+15 1.18503
1652.49 1.81418e+15 1.30866
1657.49 1.80871e+15 1.43307
1662.49 1.80327e+15 1.56238
1667.49 1.79786e+15 1.6897
1672.49 1.79249e+15 1.79756
1677.49 1.78714e+15 1.88138
1682.49 1.78183e+15 1.94992
1687.49 1.77655e+15 2.01111
1692.49 1.7713e+15 2.07099
1697.49 1.76609e+15 2.12376
1702.49 1.7609e+15 2.15259
1707.49 1.75574e+15 2.15856
1712.49 1.75062e+15 2.16101
1717.49 1.74552e+15 2.17762
1722.49 1.74045e+15 2.22281
1727.49 1.73542e+15 2.29268
1732.49 1.73041e+15 2.36559
1737.49 1.72543e+15 2.4305
1742.49 1.72048e+15 2.48778
1747.49 1.71556e+15 2.541
1752.49 1.71066e+15 2.59594
1757.49 1.70579e+15 2.64991
1762.49 1.70095e+15 2.69203
1767.49 1.69614e+15 2.72211
1772.49 1.69136e+15 2.75072
1777.49 1.6866e+15 2.78207
1782.49 1.68187e+15 2.81366
1787.49 1.67717e+15 2.84374
1792.49 1.67249e+15 2.87175
1797.49 1.66783e+15 2.89969
1802.49 1.66321e+15 2.93181
1807.49 1.65861e+15 2.96872
1812.49 1.65403e+15 3.00722
1817.49 1.64948e+15 3.0429
1822.49 1.64496e+15 3.07075
1827.49 1.64046e+15 3.0946
1832.49 1.63598e+15 3.12676
1837.49 1.63153e+15 3.16897
1842.49 1.6271e+15 3.21226
1847.49 1.6227e+15 3.25216
1852.49 1.61832e+15 3.28933
1857.49 1.61396e+15 3.32709
1862.49 1.60963e+15 3.37086
1867.49 1.60532e+15 3.41741
1872.49 1.60103e+15 3.45591
1877.49 1.59677e+15 3.50236
1882.49 1.59253e+15 3.59758
1887.49 1.58831e+15 3.72882
1892.49 1.58411e+15 3.83036
1897.49 1.57994e+15 3.87534
1902.49 1.57579e+15 3.87871
1907.49 1.57166e+15 3.87028
1912.49 1.56755e+15 3.89107
1917.49 1.56346e+15 3.94022
1922.49 1.55939e+15 3.97595
1927.49 1.55535e+15 3.9907
1932.49 1.55132e+15 4.01196
1937.49 1.54732e+15 4.04652
1942.49 1.54334e+15 4.07945
1947.49 1.53937e+15 4.10847
1952.49 1.53543e+15 4.14444
1957.49 1.53151e+15 4.18902
1962.49 1.52761e+15 4.2344
1967.49 1.52373e+15 4.28157
1972.49 1.51986e+15 4.34004
1977.49 1.51602e+15 4.40346
1982.49 1.5122e+15 4.45029
1987.49 1.50839e+15 4.4832
1992.49 1.50461e+15 4.52865
1997.49 1.50084e+15 4.58752
2002.49 1.49709e+15 4.63488
2007.49 1.49337e+15 4.66455
2012.49 1.48966e+15 4.69004
2017.49 1.48596e+15 4.71977
2022.49 1.48229e+15 4.75601
2027.49 1.47863e+15 4.79717
2032.49 1.475e+15 4.83821
2037.49 1.47138e+15 4.87626
2042.49 1.46778e+15 4.91097
2047.49 1.46419e+15 4.94561
2052.49 1.46062e+15 4.98661
2057.49 1.45708e+15 5.03318
2062.49 1.45354e+15 5.07744
2067.49 1.45003e+15 5.11897
2072.49 1.44653e+15 5.1649
2077.49 1.44305e+15 5.21693
2082.5 1.43958e+15 5.27113
2087.49 1.43613e+15 5.32518
2092.49 1.4327e+15 5.37891
2097.5 1.42929e+15 5.43876
2102.5 1.42589e+15 5.51701
2107.49 1.42251e+15 5.61127
2112.49 1.41914e+15 5.70479
2117.5 1.41579e+15 5.79555
2122.5 1.41245e+15 5.89624
2127.5 1.40913e+15 6.00656
2132.49 1.40583e+15 6.11305
2137.49 1.40254e+15 6.21373
2142.5 1.39927e+15 6.31836
2147.5 1.39601e+15 6.43033
2152.5 1.39277e+15 6.54629
2157.49 1.38954e+15 6.6655
2162.49 1.38633e+15 6.78997
2167.49 1.38313e+15 6.91774
2172.5 1.37994e+15 7.04291
2177.5 1.37678e+15 7.162
2182.5 1.37362e+15 7.2745
2187.49 1.37048e+15 7.38762
2192.49 1.36736e+15 7.51513
2197.49 1.36425e+15 7.64863
2202.5 1.36115e+15 7.75889
2207.49 1.35807e+15 7.8563
2212.49 1.355e+15 7.98998
2217.49 1.35194e+15 8.16884
2222.5 1.3489e+15 8.36048
2227.49 1.34587e+15 8.54547
2232.49 1.34286e+15 8.72006
2237.49 1.33986e+15 8.9005
2242.5 1.33687e+15 9.12105
2247.5 1.3339e+15 9.38523
2252.49 1.33094e+15 9.66556
2257.5 1.32799e+15 9.9463
2262.5 1.32505e+15 10.2251
2267.49 1.32213e+15 10.5055
2272.49 1.31922e+15 10.7959
2277.5 1.31632e+15 11.0973
2282.49 1.31344e+15 11.403
2287.49 1.31057e+15 11.7096
2292.5 1.30771e+15 12.0165
2297.5 1.30487e+15 12.324
2302.49 1.30203e+15 12.6324
2307.49 1.29921e+15 12.9447
2312.5 1.2964e+15 13.266
2317.5 1.29361e+15 13.5954
2322.5 1.29082e+15 13.9259
2327.49 1.28805e+15 14.2472
2332.5 1.28529e+15 14.5464
2337.5 1.28254e+15 14.8381
2342.5 1.2798e+15 15.1623
2347.5 1.27707e+15 15.5256
2352.5 1.27436e+15 15.8999
2357.49 1.27166e+15 16.2704
2362.5 1.26896e+15 16.6365
2367.5 1.26628e+15 16.9981
2372.5 1.26362e+15 17.3545
2377.5 1.26096e+15 17.7036
2382.5 1.25831e+15 18.0413
2387.5 1.25568e+15 18.3705
2392.5 1.25305e+15 18.7005
2397.5 1.25044e+15 19.0289
2402.49 1.24784e+15 19.3418
2407.5 1.24525e+15 19.6386
2412.5 1.24267e+15 19.9318
2417.5 1.24009e+15 20.2226
2422.5 1.23754e+15 20.5014
2427.5 1.23499e+15 20.7704
2432.5 1.23245e+15 21.0433
2437.5 1.22992e+15 21.2982
2442.5 1.2274e+15 21.48
2447.5 1.22489e+15 21.5902
2452.5 1.2224e+15 21.6867
2457.5 1.21991e+15 21.7879
2462.5 1.21743e+15 21.8711
2467.5 1.21497e+15 21.9336
2472.5 1.21251e+15 21.9939
2477.5 1.21006e+15 22.0556
2482.5 1.20763e+15 22.1063
2487.5 1.2052e+15 22.1413
2492.5 1.20278e+15 22.1642
2497.5 1.20037e+15 22.1799
2502.5 1.19797e+15 22.1944
2507.5 1.19558e+15 22.2068
2512.5 1.19321e+15 22.2102
2517.5 1.19084e+15 22.2056
2522.49 1.18848e+15 22.2012
2527.5 1.18612e+15 22.191
2532.5 1.18378e+15 22.1552
2537.5 1.18145e+15 22.1144
2542.5 1.17913e+15 22.1268
2547.5 1.17681e+15 22.1906
2552.5 1.17451e+15 22.2438
2557.5 1.17221e+15 22.2645
2562.5 1.16992e+15 22.2728
2567.5 1.16765e+15 22.2771
2572.5 1.16538e+15 22.272
2577.5 1.16312e+15 22.2593
2582.5 1.16086e+15 22.2479
2587.5 1.15862e+15 22.2376
2592.5 1.15639e+15 22.2194
2597.5 1.15416e+15 22.1924
2602.5 1.15194e+15 22.1641
2607.5 1.14973e+15 22.1346
2612.5 1.14753e+15 22.0964
2617.5 1.14534e+15 22.0498
2622.5 1.14316e+15 22.0032
2627.5 1.14098e+15 21.9584
2632.5 1.13881e+15 21.91
2637.5 1.13666e+15 21.851
2642.5 1.1345e+15 21.7736
2647.5 1.13236e+15 21.6788
2652.5 1.13023e+15 21.5764
2657.5 1.1281e+15 21.4691
2662.5 1.12598e+15 21.3521
2667.5 1.12387e+15 21.2322
2672.5 1.12177e+15 21.1271
2677.5 1.11967e+15 21.0326
2682.5 1.11759e+15 20.9229
2687.49 1.11551e+15 20.7939
2692.5 1.11344e+15 20.6639
2697.5 1.11137e+15 20.5389
2702.5 1.10932e+15 20.4119
2707.5 1.10727e+15 20.2805
2712.5 1.10523e+15 20.1473
2717.5 1.10319e+15 20.0126
2722.5 1.10117e+15 19.8744
2727.5 1.09915e+15 19.7343
2732.5 1.09714e+15 19.5967
2737.5 1.09513e+15 19.455
2742.5 1.09314e+15 19.2918
2747.5 1.09115e+15 19.1038
2752.5 1.08917e+15 18.9023
2757.5 1.08719e+15 18.7001
2762.5 1.08522e+15 18.5103
2767.5 1.08326e+15 18.3314
2772.5 1.08131e+15 18.1476
2777.5 1.07936e+15 17.9525
2782.5 1.07742e+15 17.7502
2787.5 1.07549e+15 17.5459
2792.5 1.07356e+15 17.3457
2797.5 1.07165e+15 17.1487
2802.5 1.06973e+15 16.9473
2807.5 1.06783e+15 16.7394
2812.5 1.06593e+15 16.5283
2817.5 1.06404e+15 16.3171
2822.5 1.06215e+15 16.1073
2827.5 1.06028e+15 15.8971
2832.5 1.0584e+15 15.681
2837.5 1.05654e+15 15.4605
2842.5 1.05468e+15 15.2431
2847.5 1.05283e+15 15.0299
2852.5 1.05098e+15 14.8151
2857.5 1.04914e+15 14.5964
2862.5 1.04731e+15 14.3753
2867.5 1.04549e+15 14.1567
2872.5 1.04367e+15 13.9487
2877.5 1.04185e+15 13.7477
2882.5 1.04004e+15 13.5388
2887.5 1.03824e+15 13.3207
2892.5 1.03645e+15 13.1052
2897.5 1.03466e+15 12.8916
2902.5 1.03288e+15 12.6657
2907.5 1.0311e+15 12.4193
2912.5 1.02933e+15 12.1514
2917.5 1.02757e+15 11.8702
2922.5 1.02581e+15 11.5925
2927.5 1.02406e+15 11.3238
2932.5 1.02231e+15 11.0583
2937.5 1.02057e+15 10.7936
2942.5 1.01884e+15 10.5312
2947.5 1.01711e+15 10.2721
2952.5 1.01539e+15 10.0169
2957.5 1.01367e+15 9.7666
2962.5 1.01196e+15 9.52336
2967.5 1.01025e+15 9.28713
2972.5 1.00855e+15 9.05586
2977.5 1.00686e+15 8.82799
2982.5 1.00517e+15 8.60253
2987.5 1.00349e+15 8.37942
2992.5 1.00181e+15 8.15954
2997.5 1.00014e+15 7.94509
3002.5 9.98477e+14 7.73943
3007.5 9.96817e+14 7.54202
3012.5 9.95163e+14 7.34838
3017.5 9.93514e+14 7.15513
3022.5 9.9187e+14 6.96048
3027.5 9.90232e+14 6.76946
3032.5 9.886e+14 6.59307
3037.5 9.86972e+14 6.42274
3042.5 9.8535e+14 6.23113
3047.5 9.83734e+14 6.01602
3052.5 9.82122e+14 5.80063
3057.5 9.80516e+14 5.59718
3062.5 9.78915e+14 5.40565
3067.5 9.7732e+14 5.22289
3072.5 9.75729e+14 5.04338
3077.5 9.74144e+14 4.86715
3082.5 9.72564e+14 4.69955
3087.5 9.70989e+14 4.53994
3092.5 9.69419e+14 4.38172
3097.5 9.67854e+14 4.22444
3102.5 9.66294e+14 4.07389
3107.5 9.6474e+14 3.93215
3112.5 9.6319e+14 3.79727
3117.5 9.61645e+14 3.66626
3122.5 9.60105e+14 3.53538
3127.5 9.5857e+14 3.40365
3132.49 9.5704e+14 3.27311
3137.5 9.55515e+14 3.15263
3142.5 9.53995e+14 3.05699
3147.5 9.52479e+14 2.98361
3152.5 9.50969e+14 2.91286
3157.5 9.49463e+14 2.83794
3162.5 9.47962e+14 2.76539
3167.5 9.46465e+14 2.6965
3172.5 9.44973e+14 2.62692
3177.49 9.43487e+14 2.55799
3182.5 9.42004e+14 2.49636
3187.5 9.40527e+14 2.43585
3192.5 9.39054e+14 2.35816
3197.5 9.37585e+14 2.2688
3202.5 9.36121e+14 2.19649
3207.5 9.34662e+14 2.14533
3212.5 9.33207e+14 2.09442
3217.5 9.31757e+14 2.03761
3222.5 9.30311e+14 1.9843
3227.5 9.2887e+14 1.93658
3232.5 9.27433e+14 1.88874
3237.5 9.26001e+14 1.83852
3242.5 9.24573e+14 1.78745
3247.5 9.2315e+14 1.73644
3252.5 9.2173e+14 1.68563
3257.5 9.20316e+14 1.63552
3262.5 9.18905e+14 1.58696
3267.5 9.17499e+14 1.54045
3272.49 9.16098e+14 1.49612
3277.5 9.147e+14 1.4541
3282.5 9.13306e+14 1.4144
3287.5 9.11917e+14 1.37414
3292.5 9.10532e+14 1.32806
3297.5 9.09152e+14 1.28309
3302.5 9.07775e+14 1.25765
3307.5 9.06403e+14 1.25205
3312.5 9.05035e+14 1.24843
3317.5 9.03671e+14 1.23979
3322.49 9.02311e+14 1.23062
3327.5 9.00955e+14 1.22279
3332.49 8.99604e+14 1.2151
3337.5 8.98256e+14 1.20706
3342.5 8.96912e+14 1.19897
3347.5 8.95572e+14 1.19099
3352.5 8.94237e+14 1.183
3357.5 8.92905e+14 1.175
3362.5 8.91577e+14 1.16701
3367.5 8.90253e+14 1.15902
3372.5 8.88933e+14 1.15095
3377.5 8.87618e+14 1.1429
3382.5 8.86305e+14 1.13521
3387.5 8.84997e+14 1.12778
3392.5 8.83693e+14 1.12011
3397.5 8.82392e+14 1.11207
3402.5 8.81096e+14 1.10393
3407.5 8.79803e+14 1.09591
3412.5 8.78514e+14 1.08818
3417.49 8.77229e+14 1.08071
3422.5 8.75947e+14 1.07327
3427.5 8.74669e+14 1.06576
3432.5 8.73395e+14 1.05824
3437.5 8.72125e+14 1.05074
3442.5 8.70858e+14 1.04326
3447.5 8.69595e+14 1.03577
3452.5 8.68335e+14 1.02821
3457.5 8.6708e+14 1.02068
3462.5 8.65828e+14 1.0134
3467.49 8.64579e+14 1.00642
3472.5 8.63334e+14 0.999589
3477.5 8.62093e+14 0.992636
3482.5 8.60855e+14 0.985222
3487.5 8.59621e+14 0.97761
3492.5 8.5839e+14 0.970631
3497.5 8.57163e+14 0.964252
3502.5 8.55939e+14 0.95758
3507.5 8.54719e+14 0.950491
3512.5 8.53503e+14 0.943641
3517.5 8.52289e+14 0.937191
3522.49 8.5108e+14 0.930776
3527.5 8.49873e+14 0.924261
3532.5 8.4867e+14 0.917753
3537.5 8.47471e+14 0.911266
3542.5 8.46275e+14 0.904711
3547.5 8.45082e+14 0.898176
3552.5 8.43892e+14 0.89192
3557.5 8.42706e+14 0.885952
3562.49 8.41524e+14 0.880032
3567.49 8.40344e+14 0.874032
3572.5 8.39168e+14 0.867953
3577.5 8.37995e+14 0.861922
3582.5 8.36826e+14 0.856172
3587.5 8.35659e+14 0.850702
3592.5 8.34496e+14 0.845283
3597.5 8.33336e+14 0.839784
3602.5 8.3218e+14 0.834199
3607.49 8.31027e+14 0.828663
3612.49 8.29876e+14 0.82344
3617.5 8.28729e+14 0.818485
3622.5 8.27585e+14 0.813465
3627.5 8.26445e+14 0.80841
3632.5 8.25307e+14 0.803717
3637.5 8.24173e+14 0.799295
3642.5 8.23041e+14 0.794571
3647.5 8.21913e+14 0.789505
3652.5 8.20788e+14 0.78459
3657.49 8.19666e+14 0.78009
3662.5 8.18547e+14 0.776005
3667.49 8.17431e+14 0.772072
3672.5 8.16318e+14 0.767794
3677.5 8.15208e+14 0.763217
3682.5 8.14101e+14 0.758911
3687.5 8.12997e+14 0.754965
3692.5 8.11897e+14 0.750985
3697.5 8.10799e+14 0.746938
3702.5 8.09704e+14 0.743166
3707.49 8.08612e+14 0.739703
3712.49 8.07523e+14 0.736273
3717.5 8.06437e+14 0.732764
3722.5 8.05353e+14 0.729241
3727.5 8.04273e+14 0.725741
3732.5 8.03196e+14 0.722263
3737.5 8.02121e+14 0.718771
3742.5 8.0105e+14 0.715207
3747.5 7.99981e+14 0.711673
3752.49 7.98915e+14 0.708423
3757.49 7.97852e+14 0.705457
3762.49 7.96792e+14 0.702521
3767.49 7.95734e+14 0.699513
3772.49 7.9468e+14 0.696492
3777.49 7.93628e+14 0.693491
3782.5 7.92578e+14 0.690513
3787.5 7.91532e+14 0.687521
3792.5 7.90489e+14 0.684457
3797.5 7.89448e+14 0.681423
3802.49 7.8841e+14 0.678674
3807.49 7.87375e+14 0.676208
3812.49 7.86342e+14 0.67377
3817.5 7.85312e+14 0.671261
3822.5 7.84285e+14 0.668746
3827.5 7.8326e+14 0.666249
3832.5 7.82238e+14 0.663748
3837.5 7.81219e+14 0.661243
3842.49 7.80203e+14 0.658765
3847.49 7.79189e+14 0.656277
3852.49 7.78177e+14 0.653694
3857.49 7.77169e+14 0.651148
3862.49 7.76163e+14 0.648976
3867.49 7.75159e+14 0.647053
3872.5 7.74158e+14 0.644809
3877.5 7.7316e+14 0.642234
3882.5 7.72164e+14 0.639883
3887.5 7.71171e+14 0.637917
3892.5 7.70181e+14 0.636081
3897.49 7.69193e+14 0.634112
3902.49 7.68207e+14 0.631777
3907.49 7.67224e+14 0.629212
3912.49 7.66244e+14 0.626905
3917.49 7.65266e+14 0.624947
3922.49 7.6429e+14 0.623027
3927.5 7.63317e+14 0.621016
3932.5 7.62347e+14 0.618989
3937.5 7.61378e+14 0.616989
3942.49 7.60413e+14 0.615016
3947.49 7.5945e+14 0.613027
3952.49 7.58489e+14 0.610946
3957.49 7.57531e+14 0.608903
3962.49 7.56575e+14 0.607216
3967.49 7.55622e+14 0.605784
3972.5 7.5467e+14 0.604097
3977.5 7.53722e+14 0.602054
3982.5 7.52775e+14 0.599974
3987.49 7.51832e+14 0.597986
3992.49 7.5089e+14 0.596007
3997.49 7.49951e+14 0.594003
4002.49 7.49014e+14 0.592
4007.49 7.48079e+14 0.590001
4012.49 7.47147e+14 0.587996
4017.5 7.46217e+14 0.585991
4022.5 7.4529e+14 0.584018
4027.5 7.44364e+14 0.582033
4032.5 7.43441e+14 0.579932
4037.5 7.42521e+14 0.577877
4042.49 7.41603e+14 0.576269
4047.49 7.40686e+14 0.574881
4052.49 7.39773e+14 0.572882
4057.49 7.38861e+14 0.57027
4062.5 7.37951e+14 0.567876
4067.5 7.37044e+14 0.56593
4072.5 7.36139e+14 0.564037
4077.5 7.35237e+14 0.562025
4082.49 7.34336e+14 0.559976
4087.49 7.33438e+14 0.557968
4092.49 7.32542e+14 0.556059
4097.49 7.31648e+14 0.554104
4102.49 7.30756e+14 0.551772
4107.49 7.29867e+14 0.549195
4112.49 7.2898e+14 0.546945
4117.49 7.28094e+14 0.545023
4122.49 7.27211e+14 0.542852
4127.5 7.2633e+14 0.540306
4132.5 7.25451e+14 0.537723
4137.49 7.24575e+14 0.535235
4142.49 7.237e+14 0.532757
4147.49 7.22828e+14 0.530253
4152.49 7.21957e+14 0.527751
4157.5 7.21089e+14 0.525254
4162.5 7.20223e+14 0.522739
4167.5 7.19359e+14 0.52023
4172.5 7.18497e+14 0.517792
4177.49 7.17637e+14 0.515327
4182.49 7.16779e+14 0.512576
4187.49 7.15923e+14 0.509542
4192.49 7.15069e+14 0.50648
4197.49 7.14218e+14 0.503489
4202.5 7.13368e+14 0.500505
4207.5 7.1252e+14 0.497502
4212.5 7.11674e+14 0.494502
4217.5 7.1083e+14 0.491505
4222.5 7.09989e+14 0.488489
4227.5 7.09149e+14 0.48548
4232.49 7.08311e+14 0.482542
4237.49 7.07476e+14 0.479577
4242.49 7.06642e+14 0.476327
4247.49 7.0581e+14 0.472792
4252.49 7.0498e+14 0.469229
4257.49 7.04152e+14 0.465739
4262.5 7.03326e+14 0.462256
4267.5 7.02502e+14 0.458753
4272.49 7.0168e+14 0.455248
4277.49 7.0086e+14 0.451748
4282.49 7.00042e+14 0.448253
4287.49 6.99225e+14 0.444755
4292.49 6.98411e+14 0.44124
4297.49 6.97598e+14 0.437731
4302.49 6.96787e+14 0.434288
4307.49 6.95979e+14 0.43082
4312.5 6.95172e+14 0.427091
4317.49 6.94367e+14 0.423068
4322.49 6.93563e+14 0.418926
4327.49 6.92762e+14 0.414892
4332.49 6.91963e+14 0.411221
4337.49 6.91165e+14 0.407787
4342.49 6.90369e+14 0.404096
4347.49 6.89575e+14 0.400053
4352.49 6.88783e+14 0.395974
4357.49 6.87993e+14 0.391986
4362.49 6.87204e+14 0.388007
4367.49 6.86417e+14 0.384004
4372.49 6.85632e+14 0.379998
4377.49 6.84849e+14 0.375999
4382.49 6.84068e+14 0.372001
4387.49 6.83288e+14 0.368
4392.49 6.82511e+14 0.364
4397.49 6.81735e+14 0.36
4402.5 6.8096e+14 0.356
4407.49 6.80188e+14 0.352
4412.49 6.79417e+14 0.348
4417.49 6.78648e+14 0.344
4422.49 6.77881e+14 0.34
4427.49 6.77115e+14 0.336
4432.49 6.76351e+14 0.332
4437.49 6.75589e+14 0.328
4442.49 6.74829e+14 0.323999
4447.49 6.7407e+14 0.319998
4452.49 6.73313e+14 0.316004
4457.49 6.72558e+14 0.312007
4462.5 6.71804e+14 0.307987
4467.49 6.71053e+14 0.303976
4472.49 6.70303e+14 0.30005
4477.49 6.69554e+14 0.29609
4482.49 6.68807e+14 0.291799
4487.49 6.68062e+14 0.287242
4492.49 6.67318e+14 0.282849
4497.49 6.66577e+14 0.278849
4502.49 6.65836e+14 0.275241
4507.49 6.65098e+14 0.271798
4512.49 6.64361e+14 0.268091
4517.49 6.63625e+14 0.264052
4522.49 6.62892e+14 0.259972
4527.49 6.6216e+14 0.255979
4532.49 6.61429e+14 0.252022
4537.49 6.607e+14 0.248031
4542.49 6.59973e+14 0.243942
4547.49 6.59247e+14 0.239897
4552.49 6.58523e+14 0.236226
4557.49 6.57801e+14 0.232803
4562.49 6.5708e+14 0.229059
4567.49 6.56361e+14 0.224984
4572.49 6.55643e+14 0.221133
4577.49 6.54927e+14 0.217667
4582.49 6.54212e+14 0.214332
4587.49 6.53499e+14 0.210864
4592.49 6.52788e+14 0.207023
4597.49 6.52078e+14 0.202954
4602.49 6.51369e+14 0.19917
4607.49 6.50663e+14 0.195725
4612.49 6.49957e+14 0.192218
4617.49 6.49253e+14 0.18866
4622.49 6.48551e+14 0.185474
4627.49 6.4785e+14 0.182558
4632.49 6.47151e+14 0.179292
4637.49 6.46453e+14 0.175702
4642.49 6.45757e+14 0.17245
4647.49 6.45062e+14 0.16954
4652.49 6.44369e+14 0.166313
4657.49 6.43677e+14 0.162732
4662.49 6.42987e+14 0.159393
4667.49 6.42298e+14 0.156437
4672.49 6.41611e+14 0.153538
4677.49 6.40925e+14 0.150534
4682.49 6.40241e+14 0.147454
4687.49 6.39558e+14 0.144426
4692.49 6.38876e+14 0.141662
4697.49 6.38196e+14 0.139185
4702.49 6.37518e+14 0.136819
4707.49 6.36841e+14 0.134351
4712.49 6.36165e+14 0.131545
4717.49 6.35491e+14 0.128491
4722.49 6.34818e+14 0.125597
4727.49 6.34147e+14 0.123093
4732.49 6.33477e+14 0.121006
4737.49 6.32808e+14 0.119075
4742.49 6.32141e+14 0.116785
4747.49 6.31475e+14 0.114199
4752.49 6.30811e+14 0.111949
4757.49 6.30148e+14 0.110035
4762.49 6.29486e+14 0.107825
4767.49 6.28826e+14 0.105256
4772.49 6.28167e+14 0.102843
4777.49 6.2751e+14 0.100847
4782.49 6.26854e+14 0.0992406
4787.49 6.26199e+14 0.0977942
4792.49 6.25546e+14 0.096101
4797.49 6.24894e+14 0.09407
4802.49 6.24243e+14 0.0919337
4807.49 6.23594e+14 0.0899102
4812.49 6.22946e+14 0.0881799
4817.49 6.22299e+14 0.0867114
4822.49 6.21654e+14 0.0852686
4827.49 6.2101e+14 0.08376
4832.49 6.20368e+14 0.0822457
4837.49 6.19727e+14 0.0807486
4842.49 6.19087e+14 0.0792486
4847.49 6.18448e+14 0.0777458
4852.49 6.17811e+14 0.0762599
4857.49 6.17175e+14 0.0747685
4862.49 6.1654e+14 0.0732117
4867.49 6.15907e+14 0.0716804
4872.49 6.15275e+14 0.0704091
4877.49 6.14644e+14 0.0694318
4882.49 6.14015e+14 0.0685739
4887.49 6.13387e+14 0.067608
4892.49 6.1276e+14 0.0662798
4897.49 6.12134e+14 0.0647145
4902.49 6.1151e+14 0.0634006
4907.49 6.10887e+14 0.0624403
4912.49 6.10265e+14 0.0615398
4917.49 6.09645e+14 0.0605398
4922.49 6.09025e+14 0.0594403
4927.49 6.08407e+14 0.0584004
4932.49 6.07791e+14 0.0577148
4937.49 6.07175e+14 0.0572803
4942.49 6.06561e+14 0.0566069
4947.49 6.05948e+14 0.055572
4952.49 6.05336e+14 0.0544357
4957.49 6.04726e+14 0.0534161
4962.49 6.04116e+14 0.052666
4967.49 6.03508e+14 0.0521855
4972.49 6.02901e+14 0.0518223
4977.49 6.02296e+14 0.0513574
4982.49 6.01691e+14 0.0505293
4987.49 6.01088e+14 0.0494629
4992.49 6.00486e+14 0.0486543
4997.49 5.99885e+14 0.0481973
5002.49 5.99286e+14 0.0477754
5007.49 5.98687e+14 0.0472637
5012.49 5.9809e+14 0.0467441
5017.49 5.97494e+14 0.046248
5022.49 5.96899e+14 0.0457481
5027.49 5.96306e+14 0.0452442
5032.49 5.95713e+14 0.0447636
5037.49 5.95122e+14 0.0442752
5042.49 5.94532e+14 0.0436976
5047.49 5.93943e+14 0.043155
5052.49 5.93355e+14 0.0429615
5057.49 5.92769e+14 0.0430268
5062.49 5.92183e+14 0.0428626
5067.49 5.91599e+14 0.0423316
5072.49 5.91016e+14 0.0416662
5077.49 5.90434e+14 0.041131
5082.49 5.89853e+14 0.0409881
5087.49 5.89273e+14 0.0410662
5092.49 5.88695e+14 0.0407876
5097.49 5.88117e+14 0.0401981
5102.49 5.87541e+14 0.0399553
5107.49 5.86966e+14 0.0400476
5112.49 5.86392e+14 0.0397976
5117.49 5.85819e+14 0.0392053
5122.49 5.85247e+14 0.0389482
5127.49 5.84676e+14 0.0390376
5132.49 5.84107e+14 0.0388161
5137.49 5.83538e+14 0.038238
5142.49 5.82971e+14 0.0378813
5147.49 5.82405e+14 0.0379167
5152.49 5.81839e+14 0.0380806
5157.49 5.81275e+14 0.0381107
5162.49 5.80712e+14 0.0377807
5167.49 5.8015e+14 0.0372186
5172.49 5.7959e+14 0.0368905
5177.49 5.7903e+14 0.0369214
5182.49 5.78471e+14 0.0370794
5187.49 5.77914e+14 0.0371117
5192.49 5.77357e+14 0.0367765
5197.49 5.76802e+14 0.0362101
5202.49 5.76247e+14 0.0359085
5207.49 5.75694e+14 0.0359542
5212.49 5.75142e+14 0.0360114
5217.49 5.74591e+14 0.0359886
5222.49 5.74041e+14 0.0360457
5227.49 5.73492e+14 0.0360914
5232.49 5.72944e+14 0.03579
5237.49 5.72397e+14 0.0352237
5242.49 5.71851e+14 0.034888
5247.49 5.71306e+14 0.03492
5252.49 5.70762e+14 0.03508
5257.49 5.70219e+14 0.0351121
5262.49 5.69677e+14 0.0347763
5267.49 5.69137e+14 0.0342099
5272.49 5.68597e+14 0.0339086
5277.49 5.68058e+14 0.0339544
5282.49 5.67521e+14 0.0340111
5287.49 5.66984e+14 0.0339879
5292.49 5.66448e+14 0.034047
5297.49 5.65914e+14 0.0340938
5302.49 5.6538e+14 0.0337851
5307.49 5.64847e+14 0.0332149
5312.49 5.64316e+14 0.0329062
5317.49 5.63785e+14 0.032953
5322.49 5.63255e+14 0.0330121
5327.49 5.62727e+14 0.0329889
5332.49 5.62199e+14 0.0330456
5337.49 5.61673e+14 0.0330914
5342.49 5.61147e+14 0.0327901
5347.49 5.60622e+14 0.0322237
5352.49 5.60099e+14 0.0318879
5357.49 5.59576e+14 0.03192
5362.49 5.59054e+14 0.03208
5367.49 5.58533e+14 0.0321121
5372.49 5.58013e+14 0.0317763
5377.49 5.57495e+14 0.0312099
5382.49 5.56977e+14 0.0309086
5387.49 5.5646e+14 0.0309544
5392.49 5.55944e+14 0.0310111
5397.49 5.55429e+14 0.0309879
5402.49 5.54915e+14 0.031047
5407.49 5.54402e+14 0.0310938
5412.49 5.5389e+14 0.0307851
5417.49 5.53378e+14 0.0302148
5422.49 5.52868e+14 0.0299063
5427.49 5.52359e+14 0.0299531
5432.49 5.5185e+14 0.0300117
5437.49 5.51343e+14 0.0299883
5442.49 5.50836e+14 0.0300469
5447.49 5.50331e+14 0.0300937
5452.49 5.49826e+14 0.0297852
5457.49 5.49322e+14 0.0292148
5462.49 5.4882e+14 0.0289062
5467.49 5.48318e+14 0.0289531
5472.49 5.47817e+14 0.0290117
5477.49 5.47317e+14 0.0289883
5482.49 5.46818e+14 0.0290469
5487.49 5.46319e+14 0.0290937
5492.49 5.45822e+14 0.0287852
5497.49 5.45326e+14 0.0282148
5502.49 5.4483e+14 0.0279063
5507.49 5.44335e+14 0.0279531
5512.49 5.43842e+14 0.0280117
5517.49 5.43349e+14 0.0279883
5522.49 5.42857e+14 0.0280469
5527.49 5.42366e+14 0.0280938
5532.49 5.41876e+14 0.0277852
5537.49 5.41386e+14 0.0272148
5542.49 5.40898e+14 0.0269062
5547.49 5.40411e+14 0.0269531
5552.49 5.39924e+14 0.0270117
5557.49 5.39438e+14 0.0269883
5562.49 5.38953e+14 0.0270469
5567.49 5.38469e+14 0.0270938
5572.49 5.37986e+14 0.0267852
5577.49 5.37504e+14 0.0262149
5582.49 5.37022e+14 0.0259062
5587.49 5.36542e+14 0.0259531
5592.49 5.36062e+14 0.0260117
5597.49 5.35583e+14 0.0259883
5602.49 5.35105e+14 0.0260469
5607.49 5.34628e+14 0.0260937
5612.49 5.34152e+14 0.0257852
5617.49 5.33676e+14 0.0252149
5622.49 5.33202e+14 0.0249062
5627.49 5.32728e+14 0.0249531
5632.49 5.32255e+14 0.0250118
5637.49 5.31783e+14 0.0249885
5642.49 5.31312e+14 0.0250465
5647.49 5.30841e+14 0.0250931
5652.49 5.30372e+14 0.0247865
5657.49 5.29903e+14 0.0242172
5662.49 5.29435e+14 0.0239013
5667.49 5.28968e+14 0.0239442
5672.49 5.28502e+14 0.02403
5677.49 5.28037e+14 0.0240214
5682.49 5.27572e+14 0.0239786
5687.49 5.27108e+14 0.02397
5692.49 5.26645e+14 0.0240558
5697.49 5.26183e+14 0.0240987
5702.49 5.25722e+14 0.0237828
5707.49 5.25261e+14 0.0232135
5712.49 5.24801e+14 0.0229069
5717.49 5.24342e+14 0.0229535
5722.49 5.23884e+14 0.0230115
5727.49 5.23427e+14 0.0229882
5732.49 5.2297e+14 0.0230469
5737.49 5.22515e+14 0.0230938
5742.49 5.2206e+14 0.0227852
5747.49 5.21605e+14 0.0222149
5752.49 5.21152e+14 0.0219062
5757.49 5.20699e+14 0.0219531
5762.49 5.20248e+14 0.0220118
5767.49 5.19797e+14 0.0219884
5772.49 5.19347e+14 0.0220465
5777.49 5.18897e+14 0.0220931
5782.49 5.18448e+14 0.0217865