1602.49 1.87079e+15 0.011826
1607.49 1.86497e+15 0.018685
1612.49 1.85918e+15 0.02545
1617.49 1.85344e+15 0.033023
1622.49 1.84773e+15 0.043176
1627.49 1.84205e+15 0.055788
1632.49 1.83641e+15 0.068868
1637.49 1.8308e+15 0.081724
1642.49 1.82523e+15 0.095035
1647.49 1.81969e+15 0.109312
1652.49 1.81418e+15 0.124804
1657.49 1.80871e+15 0.141073
1662.49 1.80327e+15 0.157022
1667.49 1.79786e+15 0.172127
1672.49 1.79249e+15 0.186455
1677.49 1.78714e+15 0.200058
1682.49 1.78183e+15 0.212994
1687.49 1.77655e+15 0.226332
1692.49 1.7713e+15 0.242034
1697.49 1.76609e+15 0.259163
1702.49 1.7609e+15 0.273961
1707.49 1.75574e+15 0.285326
1712.49 1.75062e+15 0.294988
1717.49 1.74552e+15 0.306031
1722.49 1.74045e+15 0.322608
1727.49 1.73542e+15 0.345203
1732.49 1.73041e+15 0.37064
1737.49 1.72543e+15 0.396919
1742.49 1.72048e+15 0.423396
1747.49 1.71556e+15 0.450035
1752.49 1.71066e+15 0.477335
1757.49 1.70579e+15 0.505555
1762.49 1.70095e+15 0.534663
1767.49 1.69614e+15 0.564041
1772.49 1.69136e+15 0.592591
1777.49 1.6866e+15 0.621394
1782.49 1.68187e+15 0.653609
1787.49 1.67717e+15 0.689693
1792.49 1.67249e+15 0.727396
1797.49 1.66783e+15 0.766456
1802.49 1.66321e+15 0.808635
1807.49 1.65861e+15 0.853765
1812.49 1.65403e+15 0.899778
1817.49 1.64948e+15 0.947226
1822.49 1.64496e+15 0.999281
1827.49 1.64046e+15 1.05731
1832.49 1.63598e+15 1.12066
1837.49 1.63153e+15 1.18673
1842.49 1.6271e+15 1.25131
1847.49 1.6227e+15 1.31587
1852.49 1.61832e+15 1.38765
1857.49 1.61396e+15 1.47273
1862.49 1.60963e+15 1.57486
1867.49 1.60532e+15 1.67576
1872.49 1.60103e+15 1.73742
1877.49 1.59677e+15 1.77406
1882.49 1.59253e+15 1.85121
1887.49 1.58831e+15 1.99458
1892.49 1.58411e+15 2.18724
1897.49 1.57994e+15 2.39908
1902.49 1.57579e+15 2.59072
1907.49 1.57166e+15 2.76997
1912.49 1.56755e+15 2.99014
1917.49 1.56346e+15 3.25773
1922.49 1.55939e+15 3.53201
1927.49 1.55535e+15 3.8095
1932.49 1.55132e+15 4.12494
1937.49 1.54732e+15 4.48961
1942.49 1.54334e+15 4.88991
1947.49 1.53937e+15 5.31825
1952.49 1.53543e+15 5.77423
1957.49 1.53151e+15 6.26194
1962.49 1.52761e+15 6.78941
1967.49 1.52373e+15 7.35922
1972.49 1.51986e+15 7.96795
1977.49 1.51602e+15 8.60508
1982.49 1.5122e+15 9.25423
1987.49 1.50839e+15 9.92485
1992.49 1.50461e+15 10.6504
1997.49 1.50084e+15 11.4149
2002.49 1.49709e+15 12.1537
2007.49 1.49337e+15 12.8537
2012.49 1.48966e+15 13.5542
2017.49 1.48596e+15 14.263
2022.49 1.48229e+15 14.955
2027.49 1.47863e+15 15.6113
2032.49 1.475e+15 16.2215
2037.49 1.47138e+15 16.7766
2042.49 1.46778e+15 17.2706
2047.49 1.46419e+15 17.7192
2052.49 1.46062e+15 18.158
2057.49 1.45708e+15 18.5701
2062.49 1.45354e+15 18.8894
2067.49 1.45003e+15 19.129
2072.49 1.44653e+15 19.3799
2077.49 1.44305e+15 19.6437
2082.5 1.43958e+15 19.8327
2087.49 1.43613e+15 19.9266
2092.49 1.4327e+15 19.9764
2097.5 1.42929e+15 20.0234
2102.5 1.42589e+15 20.0947
2107.49 1.42251e+15 20.1973
2112.49 1.41914e+15 20.3172
2117.5 1.41579e+15 20.4239
2122.5 1.41245e+15 20.4726
2127.5 1.40913e+15 20.4659
2132.49 1.40583e+15 20.4536
2137.49 1.40254e+15 20.4553
2142.5 1.39927e+15 20.4591
2147.5 1.39601e+15 20.4589
2152.5 1.39277e+15 20.4561
2157.49 1.38954e+15 20.4551
2162.49 1.38633e+15 20.4627
2167.49 1.38313e+15 20.4667
2172.5 1.37994e+15 20.4377
2177.5 1.37678e+15 20.3818
2182.5 1.37362e+15 20.3409
2187.49 1.37048e+15 20.3401
2192.49 1.36736e+15 20.3833
2197.49 1.36425e+15 20.4014
2202.5 1.36115e+15 20.2599
2207.49 1.35807e+15 19.9837
2212.49 1.355e+15 19.7537
2217.49 1.35194e+15 19.6154
2222.5 1.3489e+15 19.4737
2227.49 1.34587e+15 19.2732
2232.49 1.34286e+15 19.0068
2237.49 1.33986e+15 18.7379
2242.5 1.33687e+15 18.5927
2247.5 1.3339e+15 18.5616
2252.49 1.33094e+15 18.502
2257.5 1.32799e+15 18.3884
2262.5 1.32505e+15 18.3138
2267.49 1.32213e+15 18.2767
2272.49 1.31922e+15 18.1793
2277.5 1.31632e+15 18.0162
2282.49 1.31344e+15 17.8756
2287.49 1.31057e+15 17.7809
2292.5 1.30771e+15 17.6883
2297.5 1.30487e+15 17.5847
2302.49 1.30203e+15 17.4897
2307.49 1.29921e+15 17.394
2312.5 1.2964e+15 17.2603
2317.5 1.29361e+15 17.1009
2322.5 1.29082e+15 16.9765
2327.49 1.28805e+15 16.8846
2332.5 1.28529e+15 16.7602
2337.5 1.28254e+15 16.6008
2342.5 1.2798e+15 16.4669
2347.5 1.27707e+15 16.3712
2352.5 1.27436e+15 16.2767
2357.49 1.27166e+15 16.1734
2362.5 1.26896e+15 16.079
2367.5 1.26628e+15 15.9833
2372.5 1.26362e+15 15.8493
2377.5 1.26096e+15 15.6897
2382.5 1.25831e+15 15.5662
2387.5 1.25568e+15 15.4747
2392.5 1.25305e+15 15.3472
2397.5 1.25044e+15 15.1862
2402.49 1.24784e+15 15.0637
2407.5 1.24525e+15 14.9742
2412.5 1.24267e+15 14.8341
2417.5 1.24009e+15 14.6258
2422.5 1.23754e+15 14.4
2427.5 1.23499e+15 14.1956
2432.5 1.23245e+15 14.0342
2437.5 1.22992e+15 13.8918
2442.5 1.2274e+15 13.7018
2447.5 1.22489e+15 13.4457
2452.5 1.2224e+15 13.1547
2457.5 1.21991e+15 12.851
2462.5 1.21743e+15 12.5455
2467.5 1.21497e+15 12.2432
2472.5 1.21251e+15 11.9438
2477.5 1.21006e+15 11.6426
2482.5 1.20763e+15 11.3317
2487.5 1.2052e+15 11.0247
2492.5 1.20278e+15 10.7556
2497.5 1.20037e+15 10.5115
2502.5 1.19797e+15 10.2339
2507.5 1.19558e+15 9.91151
2512.5 1.19321e+15 9.58101
2517.5 1.19084e+15 9.2593
2522.49 1.18848e+15 8.94127
2527.5 1.18612e+15 8.62384
2532.5 1.18378e+15 8.30708
2537.5 1.18145e+15 7.99796
2542.5 1.17913e+15 7.70951
2547.5 1.17681e+15 7.43968
2552.5 1.17451e+15 7.1715
2557.5 1.17221e+15 6.8987
2562.5 1.16992e+15 6.62636
2567.5 1.16765e+15 6.35888
2572.5 1.16538e+15 6.09949
2577.5 1.16312e+15 5.84801
2582.5 1.16086e+15 5.60104
2587.5 1.15862e+15 5.35868
2592.5 1.15639e+15 5.12454
2597.5 1.15416e+15 4.89834
2602.5 1.15194e+15 4.67607
2607.5 1.14973e+15 4.45862
2612.5 1.14753e+15 4.25176
2617.5 1.14534e+15 4.05591
2622.5 1.14316e+15 3.86609
2627.5 1.14098e+15 3.67965
2632.5 1.13881e+15 3.49661
2637.5 1.13666e+15 3.3196
2642.5 1.1345e+15 3.15348
2647.5 1.13236e+15 2.99799
2652.5 1.13023e+15 2.84782
2657.5 1.1281e+15 2.70138
2662.5 1.12598e+15 2.56103
2667.5 1.12387e+15 2.42962
2672.5 1.12177e+15 2.3101
2677.5 1.11967e+15 2.2002
2682.5 1.11759e+15 2.09273
2687.49 1.11551e+15 1.98631
2692.5 1.11344e+15 1.88539
2697.5 1.11137e+15 1.7902
2702.5 1.10932e+15 1.69669
2707.5 1.10727e+15 1.60531
2712.5 1.10523e+15 1.52113
2717.5 1.10319e+15 1.4458
2722.5 1.10117e+15 1.37738
2727.5 1.09915e+15 1.31246
2732.5 1.09714e+15 1.24662
2737.5 1.09513e+15 1.18039
2742.5 1.09314e+15 1.11916
2747.5 1.09115e+15 1.06415
2752.5 1.08917e+15 1.01227
2757.5 1.08719e+15 0.961875
2762.5 1.08522e+15 0.912983
2767.5 1.08326e+15 0.866424
2772.5 1.08131e+15 0.823686
2777.5 1.07936e+15 0.784218
2782.5 1.07742e+15 0.745523
2787.5 1.07549e+15 0.707836
2792.5 1.07356e+15 0.674074
2797.5 1.07165e+15 0.643835
2802.5 1.06973e+15 0.613444
2807.5 1.06783e+15 0.58275
2812.5 1.06593e+15 0.555137
2817.5 1.06404e+15 0.530846
2822.5 1.06215e+15 0.50692
2827.5 1.06028e+15 0.482538
2832.5 1.0584e+15 0.459135
2837.5 1.05654e+15 0.437473
2842.5 1.05468e+15 0.417546
2847.5 1.05283e+15 0.399392
2852.5 1.05098e+15 0.383095
2857.5 1.04914e+15 0.368126
2862.5 1.04731e+15 0.35336
2867.5 1.04549e+15 0.338237
2872.5 1.04367e+15 0.322803
2877.5 1.04185e+15 0.307565
2882.5 1.04004e+15 0.293464
2887.5 1.03824e+15 0.281293
2892.5 1.03645e+15 0.271598
2897.5 1.03466e+15 0.262961
2902.5 1.03288e+15 0.252162
2907.5 1.0311e+15 0.239549
2912.5 1.02933e+15 0.228965
2917.5 1.02757e+15 0.220817
2922.5 1.02581e+15 0.212055
2927.5 1.02406e+15 0.202589
2932.5 1.02231e+15 0.195299
2937.5 1.02057e+15 0.189755
2942.5 1.01884e+15 0.182248
2947.5 1.01711e+15 0.172697
2952.5 1.01539e+15 0.164662
2957.5 1.01367e+15 0.158906
2962.5 1.01196e+15 0.153315
2967.5 1.01025e+15 0.147563
2972.5 1.00855e+15 0.143162
2977.5 1.00686e+15 0.139898
2982.5 1.00517e+15 0.135802
2987.5 1.00349e+15 0.130171
2992.5 1.00181e+15 0.123669
2997.5 1.00014e+15 0.117427
3002.5 9.98477e+14 0.112924
3007.5 9.96817e+14 0.110109
3012.5 9.95163e+14 0.107428
3017.5 9.93514e+14 0.104333
3022.5 9.9187e+14 0.101336
3027.5 9.90232e+14 0.098596
3032.5 9.886e+14 0.095878
3037.5 9.86972e+14 0.092976
3042.5 9.8535e+14 0.089735
3047.5 9.83734e+14 0.086222
3052.5 9.82122e+14 0.082709
3057.5 9.80516e+14 0.079295
3062.5 9.78915e+14 0.075897
3067.5 9.7732e+14 0.072551
3072.5 9.75729e+14 0.069399
3077.5 9.74144e+14 0.066244
3082.5 9.72564e+14 0.062596
3087.5 9.70989e+14 0.059172
3092.5 9.69419e+14 0.057801
3097.5 9.67854e+14 0.057774
3102.5 9.66294e+14 0.055941
3107.5 9.6474e+14 0.052454
3112.5 9.6319e+14 0.050721
3117.5 9.61645e+14 0.050734
3122.5 9.60105e+14 0.049069
3127.5 9.5857e+14 0.045689
3132.49 9.5704e+14 0.043952
3137.5 9.55515e+14 0.043977
3142.5 9.53995e+14 0.04263
3147.5 9.52479e+14 0.03989
3152.5 9.50969e+14 0.038848
3157.5 9.49463e+14 0.039397
3162.5 9.47962e+14 0.038246
3167.5 9.46465e+14 0.035422
3172.5 9.44973e+14 0.03427
3177.49 9.43487e+14 0.034819
3182.5 9.42004e+14 0.033776
3187.5 9.40527e+14 0.030996
3192.5 9.39054e+14 0.029515
3197.5 9.37585e+14 0.029849
3202.5 9.36121e+14 0.029911
3207.5 9.34662e+14 0.029037
3212.5 9.33207e+14 0.028079
3217.5 9.31757e+14 0.02736
3222.5 9.30311e+14 0.026622
3227.5 9.2887e+14 0.025837
3232.5 9.27433e+14 0.025221
3237.5 9.26001e+14 0.024793
3242.5 9.24573e+14 0.024364
3247.5 9.2315e+14 0.023855
3252.5 9.2173e+14 0.023302
3257.5 9.20316e+14 0.022744
3262.5 9.18905e+14 0.022211
3267.5 9.17499e+14 0.02171
3272.49 9.16098e+14 0.021221
3277.5 9.147e+14 0.02072
3282.5 9.13306e+14 0.020183
3287.5 9.11917e+14 0.019622
3292.5 9.10532e+14 0.019087
3297.5 9.09152e+14 0.018586
3302.5 9.07775e+14 0.018094
3307.5 9.06403e+14 0.017591
3312.5 9.05035e+14 0.01707
3317.5 9.03671e+14 0.016519
3322.49 9.02311e+14 0.015919
3327.5 9.00955e+14 0.015384
3332.49 8.99604e+14 0.015146
3337.5 8.98256e+14 0.015183
3342.5 8.96912e+14 0.01522
3347.5 8.95572e+14 0.015158
3352.5 8.94237e+14 0.015081
3357.5 8.92905e+14 0.015032
3362.5 8.91577e+14 0.015002
3367.5 8.90253e+14 0.014999
3372.5 8.88933e+14 0.015043
3377.5 8.87618e+14 0.015024
3382.5 8.86305e+14 0.014708
3387.5 8.84997e+14 0.014117
3392.5 8.83693e+14 0.013526
3397.5 8.82392e+14 0.013034
3402.5 8.81096e+14 0.012556
3407.5 8.79803e+14 0.012051
3412.5 8.78514e+14 0.011525
3417.49 8.77229e+14 0.010974
3422.5 8.75947e+14 0.010381
3427.5 8.74669e+14 0.009849